0	1	1	3
1	2	2	3
2	1	3	3
3	3	5	7
4	1	7	3
5	2	7	7
6	1	9	7
7	4	8	11
8	1	11	3
9	2	11	7
10	1	12	7
11	3	11	11
12	1	13	7
13	2	13	11
14	1	15	11
15	5	11	15
16	1	16	3
17	2	16	7
18	1	17	7
19	3	15	11
20	1	17	7
21	2	17	11
22	1	19	11
23	4	16	15
24	1	18	7
25	2	17	11
26	1	19	11
27	3	17	15
28	1	19	11
29	2	19	15
30	1	21	15
31	6	14	19
32	1	20	3
33	2	20	7
34	1	22	7
35	3	19	11
36	1	22	7
37	2	22	11
38	1	24	11
39	4	19	15
40	1	22	7
41	2	21	11
42	1	24	11
43	3	21	15
44	1	23	11
45	2	23	15
46	1	25	15
47	5	19	19
48	1	22	7
49	2	22	11
50	1	24	11
51	3	21	15
52	1	24	11
53	2	23	15
54	1	26	15
55	4	21	19
56	1	23	11
57	2	23	15
58	1	26	15
59	3	23	19
60	1	26	15
61	2	26	19
62	1	27	19
63	7	17	23
64	1	25	3
65	2	25	7
66	1	27	7
67	3	24	11
68	1	27	7
69	2	26	11
70	1	29	11
71	4	24	15
72	1	26	7
73	2	26	11
74	1	28	11
75	3	26	15
76	1	28	11
77	2	28	15
78	1	30	15
79	5	23	19
80	1	26	7
81	2	26	11
82	1	28	11
83	3	25	15
84	1	28	11
85	2	27	15
86	1	30	15
87	4	25	19
88	1	28	11
89	2	27	15
90	1	30	15
91	3	27	19
92	1	30	15
93	2	30	19
94	1	31	19
95	6	23	23
96	1	26	7
97	2	26	11
98	1	29	11
99	3	26	15
100	1	28	11
101	2	28	15
102	1	31	15
103	4	25	19
104	1	28	11
105	2	28	15
106	1	30	15
107	3	28	19
108	1	31	15
109	2	30	19
110	1	33	19
111	5	25	23
112	1	28	11
113	2	28	15
114	1	31	15
115	3	27	19
116	1	30	15
117	2	30	19
118	1	33	19
119	4	27	23
120	1	30	15
121	2	30	19
122	1	33	19
123	3	30	23
124	1	32	19
125	2	32	23
126	1	34	23
127	8	20	27
128	1	29	3
129	2	29	7
130	1	31	7
131	3	29	11
132	1	31	7
133	2	32	11
134	1	34	11
135	4	28	15
136	1	31	7
137	2	31	11
138	1	33	11
139	3	31	15
140	1	33	11
141	2	33	15
142	1	35	15
143	5	28	19
144	1	30	7
145	2	30	11
146	1	33	11
147	3	30	15
148	1	33	11
149	2	32	15
150	1	35	15
151	4	30	19
152	1	32	11
153	2	32	15
154	1	35	15
155	3	32	19
156	1	35	15
157	2	34	19
158	1	37	19
159	6	27	23
160	1	30	7
161	2	30	11
162	1	32	11
163	3	30	15
164	1	33	11
165	2	32	15
166	1	35	15
167	4	29	19
168	1	32	11
169	2	32	15
170	1	35	15
171	3	32	19
172	1	34	15
173	2	34	19
174	1	37	19
175	5	29	23
176	1	32	11
177	2	32	15
178	1	34	15
179	3	32	19
180	1	34	15
181	2	34	19
182	1	37	19
183	4	31	23
184	1	34	15
185	2	34	19
186	1	36	19
187	3	34	23
188	1	36	19
189	2	36	23
190	1	39	23
191	7	27	27
192	1	30	7
193	2	30	11
194	1	33	11
195	3	30	15
196	1	33	11
197	2	33	15
198	1	35	15
199	4	30	19
200	1	32	11
201	2	32	15
202	1	35	15
203	3	32	19
204	1	35	15
205	2	35	19
206	1	37	19
207	5	29	23
208	1	32	11
209	2	32	15
210	1	35	15
211	3	32	19
212	1	35	15
213	2	34	19
214	1	37	19
215	4	32	23
216	1	35	15
217	2	35	19
218	1	37	19
219	3	34	23
220	1	37	19
221	2	37	23
222	1	40	23
223	6	29	27
224	1	32	11
225	2	32	15
226	1	35	15
227	3	31	19
228	1	35	15
229	2	34	19
230	1	37	19
231	4	31	23
232	1	34	15
233	2	34	19
234	1	37	19
235	3	34	23
236	1	37	19
237	2	37	23
238	1	39	23
239	5	31	27
240	1	34	15
241	2	34	19
242	1	37	19
243	3	34	23
244	1	37	19
245	2	37	23
246	1	39	23
247	4	34	27
248	1	37	19
249	2	36	23
250	1	39	23
251	3	36	27
252	1	39	23
253	2	39	27
254	1	41	27
255	9	23	31
256	1	33	3
257	2	33	7
258	1	36	7
259	3	33	11
260	1	36	7
261	2	36	11
262	1	39	11
263	4	33	15
264	1	35	7
265	2	35	11
266	1	38	11
267	3	35	15
268	1	38	11
269	2	38	15
270	1	40	15
271	5	32	19
272	1	35	7
273	2	35	11
274	1	38	11
275	3	35	15
276	1	37	11
277	2	37	15
278	1	40	15
279	4	35	19
280	1	37	11
281	2	37	15
282	1	40	15
283	3	37	19
284	1	40	15
285	2	40	19
286	1	42	19
287	6	32	23
288	1	34	7
289	2	34	11
290	1	37	11
291	3	34	15
292	1	37	11
293	2	37	15
294	1	39	15
295	4	34	19
296	1	37	11
297	2	37	15
298	1	40	15
299	3	37	19
300	1	39	15
301	2	39	19
302	1	42	19
303	5	33	23
304	1	36	11
305	2	36	15
306	1	39	15
307	3	37	19
308	1	39	15
309	2	39	19
310	1	42	19
311	4	36	23
312	1	39	15
313	2	39	19
314	1	42	19
315	3	39	23
316	1	42	19
317	2	41	23
318	1	43	23
319	7	31	27
320	1	34	7
321	2	34	11
322	1	37	11
323	3	34	15
324	1	37	11
325	2	36	15
326	1	39	15
327	4	34	19
328	1	36	11
329	2	36	15
330	1	39	15
331	3	36	19
332	1	39	15
333	2	39	19
334	1	41	19
335	5	33	23
336	1	36	11
337	2	36	15
338	1	39	15
339	3	36	19
340	1	39	15
341	2	39	19
342	1	42	19
343	4	36	23
344	1	38	15
345	2	39	19
346	1	41	19
347	3	39	23
348	1	41	19
349	2	41	23
350	1	43	23
351	6	33	27
352	1	36	11
353	2	36	15
354	1	39	15
355	3	36	19
356	1	38	15
357	2	39	19
358	1	41	19
359	4	36	23
360	1	39	15
361	2	38	19
362	1	41	19
363	3	38	23
364	1	41	19
365	2	41	23
366	1	44	23
367	5	35	27
368	1	38	15
369	2	38	19
370	1	41	19
371	3	38	23
372	1	41	19
373	2	40	23
374	1	43	23
375	4	38	27
376	1	41	19
377	2	41	23
378	1	43	23
379	3	40	27
380	1	43	23
381	2	43	27
382	1	45	27
383	8	31	31
384	1	34	7
385	2	34	11
386	1	37	11
387	3	34	15
388	1	37	11
389	2	37	15
390	1	40	15
391	4	34	19
392	1	37	11
393	2	37	15
394	1	39	15
395	3	37	19
396	1	39	15
397	2	39	19
398	1	42	19
399	5	33	23
400	1	36	11
401	2	36	15
402	1	39	15
403	3	36	19
404	1	39	15
405	2	39	19
406	1	42	19
407	4	36	23
408	1	39	15
409	2	39	19
410	1	41	19
411	3	39	23
412	1	41	19
413	2	42	23
414	1	44	23
415	6	33	27
416	1	36	11
417	2	36	15
418	1	39	15
419	3	36	19
420	1	39	15
421	2	39	19
422	1	42	19
423	4	36	23
424	1	39	15
425	2	38	19
426	1	42	19
427	3	39	23
428	1	41	19
429	2	42	23
430	1	44	23
431	5	35	27
432	1	38	15
433	2	38	19
434	1	41	19
435	3	38	23
436	1	41	19
437	2	41	23
438	1	44	23
439	4	38	27
440	1	41	19
441	2	41	23
442	1	44	23
443	3	41	27
444	1	44	23
445	2	44	27
446	1	46	27
447	7	33	31
448	1	36	11
449	2	36	15
450	1	39	15
451	3	36	19
452	1	39	15
453	2	39	19
454	1	42	19
455	4	36	23
456	1	38	15
457	2	39	19
458	1	41	19
459	3	38	23
460	1	41	19
461	2	41	23
462	1	44	23
463	5	35	27
464	1	38	15
465	2	38	19
466	1	41	19
467	3	38	23
468	1	41	19
469	2	41	23
470	1	44	23
471	4	38	27
472	1	41	19
473	2	41	23
474	1	43	23
475	3	41	27
476	1	44	23
477	2	44	27
478	1	46	27
479	6	35	31
480	1	38	15
481	2	38	19
482	1	41	19
483	3	38	23
484	1	41	19
485	2	41	23
486	1	44	23
487	4	38	27
488	1	41	19
489	2	41	23
490	1	44	23
491	3	41	27
492	1	43	23
493	2	43	27
494	1	47	27
495	5	37	31
496	1	40	19
497	2	40	23
498	1	43	23
499	3	40	27
500	1	43	23
501	2	43	27
502	1	46	27
503	4	40	31
504	1	43	23
505	2	43	27
506	1	46	27
507	3	43	31
508	1	46	27
509	2	46	31
510	1	48	31
511	10	26	35
512	1	38	3
513	2	37	7
514	1	40	7
515	3	37	11
516	1	40	7
517	2	40	11
518	1	43	11
519	4	37	15
520	1	40	7
521	2	40	11
522	1	43	11
523	3	40	15
524	1	43	11
525	2	43	15
526	1	45	15
527	5	36	19
528	1	40	7
529	2	39	11
530	1	42	11
531	3	39	15
532	1	42	11
533	2	42	15
534	1	45	15
535	4	39	19
536	1	42	11
537	2	42	15
538	1	45	15
539	3	42	19
540	1	45	15
541	2	45	19
542	1	47	19
543	6	36	23
544	1	39	7
545	2	39	11
546	1	42	11
547	3	39	15
548	1	42	11
549	2	41	15
550	1	45	15
551	4	39	19
552	1	42	11
553	2	41	15
554	1	44	15
555	3	41	19
556	1	44	15
557	2	44	19
558	1	47	19
559	5	39	23
560	1	41	11
561	2	41	15
562	1	44	15
563	3	41	19
564	1	44	15
565	2	44	19
566	1	47	19
567	4	41	23
568	1	44	15
569	2	44	19
570	1	47	19
571	3	44	23
572	1	47	19
573	2	47	23
574	1	49	23
575	7	36	27
576	1	38	7
577	2	38	11
578	1	41	11
579	3	38	15
580	1	41	11
581	2	41	15
582	1	44	15
583	4	38	19
584	1	41	11
585	2	41	15
586	1	44	15
587	3	41	19
588	1	44	15
589	2	44	19
590	1	47	19
591	5	38	23
592	1	41	11
593	2	41	15
594	1	43	15
595	3	41	19
596	1	44	15
597	2	43	19
598	1	46	19
599	4	41	23
600	1	43	15
601	2	43	19
602	1	46	19
603	3	44	23
604	1	46	19
605	2	46	23
606	1	49	23
607	6	38	27
608	1	41	11
609	2	40	15
610	1	43	15
611	3	40	19
612	1	43	15
613	2	43	19
614	1	46	19
615	4	40	23
616	1	43	15
617	2	43	19
618	1	46	19
619	3	43	23
620	1	46	19
621	2	46	23
622	1	49	23
623	5	40	27
624	1	43	15
625	2	43	19
626	1	46	19
627	3	43	23
628	1	46	19
629	2	46	23
630	1	49	23
631	4	43	27
632	1	45	19
633	2	46	23
634	1	49	23
635	3	45	27
636	1	48	23
637	2	48	27
638	1	51	27
639	8	35	31
640	1	38	7
641	2	38	11
642	1	41	11
643	3	38	15
644	1	41	11
645	2	41	15
646	1	44	15
647	4	38	19
648	1	41	11
649	2	40	15
650	1	43	15
651	3	41	19
652	1	44	15
653	2	43	19
654	1	46	19
655	5	37	23
656	1	41	11
657	2	41	15
658	1	43	15
659	3	40	19
660	1	43	15
661	2	43	19
662	1	46	19
663	4	40	23
664	1	43	15
665	2	43	19
666	1	46	19
667	3	43	23
668	1	46	19
669	2	46	23
670	1	49	23
671	6	37	27
672	1	40	11
673	2	40	15
674	1	43	15
675	3	40	19
676	1	43	15
677	2	43	19
678	1	46	19
679	4	40	23
680	1	43	15
681	2	43	19
682	1	46	19
683	3	43	23
684	1	45	19
685	2	46	23
686	1	48	23
687	5	40	27
688	1	43	15
689	2	42	19
690	1	45	19
691	3	43	23
692	1	45	19
693	2	45	23
694	1	48	23
695	4	42	27
696	1	45	19
697	2	45	23
698	1	48	23
699	3	45	27
700	1	48	23
701	2	48	27
702	1	51	27
703	7	37	31
704	1	39	11
705	2	40	15
706	1	43	15
707	3	40	19
708	1	43	15
709	2	43	19
710	1	46	19
711	4	40	23
712	1	43	15
713	2	43	19
714	1	46	19
715	3	42	23
716	1	45	19
717	2	46	23
718	1	49	23
719	5	39	27
720	1	42	15
721	2	42	19
722	1	45	19
723	3	42	23
724	1	45	19
725	2	45	23
726	1	48	23
727	4	42	27
728	1	45	19
729	2	45	23
730	1	48	23
731	3	45	27
732	1	48	23
733	2	48	27
734	1	50	27
735	6	39	31
736	1	42	15
737	2	42	19
738	1	45	19
739	3	42	23
740	1	45	19
741	2	45	23
742	1	48	23
743	4	42	27
744	1	45	19
745	2	45	23
746	1	48	23
747	3	45	27
748	1	48	23
749	2	48	27
750	1	50	27
751	5	42	31
752	1	45	19
753	2	44	23
754	1	47	23
755	3	44	27
756	1	48	23
757	2	47	27
758	1	50	27
759	4	44	31
760	1	48	23
761	2	48	27
762	1	50	27
763	3	48	31
764	1	50	27
765	2	51	31
766	1	53	31
767	9	35	35
768	1	38	7
769	2	38	11
770	1	41	11
771	3	38	15
772	1	41	11
773	2	41	15
774	1	44	15
775	4	38	19
776	1	41	11
777	2	41	15
778	1	44	15
779	3	41	19
780	1	44	15
781	2	44	19
782	1	47	19
783	5	38	23
784	1	41	11
785	2	41	15
786	1	43	15
787	3	41	19
788	1	44	15
789	2	44	19
790	1	46	19
791	4	41	23
792	1	43	15
793	2	43	19
794	1	46	19
795	3	43	23
796	1	46	19
797	2	47	23
798	1	49	23
799	6	37	27
800	1	41	11
801	2	40	15
802	1	43	15
803	3	40	19
804	1	43	15
805	2	43	19
806	1	46	19
807	4	40	23
808	1	43	15
809	2	43	19
810	1	46	19
811	3	43	23
812	1	46	19
813	2	46	23
814	1	49	23
815	5	40	27
816	1	43	15
817	2	43	19
818	1	46	19
819	3	43	23
820	1	46	19
821	2	46	23
822	1	49	23
823	4	43	27
824	1	45	19
825	2	46	23
826	1	49	23
827	3	46	27
828	1	49	23
829	2	48	27
830	1	52	27
831	7	37	31
832	1	40	11
833	2	40	15
834	1	43	15
835	3	40	19
836	1	43	15
837	2	43	19
838	1	46	19
839	4	40	23
840	1	43	15
841	2	43	19
842	1	46	19
843	3	43	23
844	1	46	19
845	2	46	23
846	1	49	23
847	5	40	27
848	1	43	15
849	2	43	19
850	1	46	19
851	3	43	23
852	1	45	19
853	2	46	23
854	1	48	23
855	4	43	27
856	1	46	19
857	2	45	23
858	1	49	23
859	3	46	27
860	1	48	23
861	2	48	27
862	1	51	27
863	6	40	31
864	1	43	15
865	2	42	19
866	1	46	19
867	3	43	23
868	1	45	19
869	2	45	23
870	1	48	23
871	4	43	27
872	1	45	19
873	2	45	23
874	1	48	23
875	3	45	27
876	1	48	23
877	2	48	27
878	1	51	27
879	5	42	31
880	1	45	19
881	2	45	23
882	1	48	23
883	3	45	27
884	1	48	23
885	2	48	27
886	1	51	27
887	4	45	31
888	1	48	23
889	2	47	27
890	1	51	27
891	3	48	31
892	1	51	27
893	2	51	31
894	1	53	31
895	8	37	35
896	1	40	11
897	2	40	15
898	1	43	15
899	3	40	19
900	1	43	15
901	2	43	19
902	1	46	19
903	4	39	23
904	1	43	15
905	2	43	19
906	1	45	19
907	3	43	23
908	1	45	19
909	2	46	23
910	1	48	23
911	5	39	27
912	1	42	15
913	2	43	19
914	1	46	19
915	3	43	23
916	1	45	19
917	2	45	23
918	1	48	23
919	4	42	27
920	1	45	19
921	2	45	23
922	1	48	23
923	3	45	27
924	1	48	23
925	2	48	27
926	1	51	27
927	6	39	31
928	1	43	15
929	2	42	19
930	1	45	19
931	3	42	23
932	1	45	19
933	2	45	23
934	1	48	23
935	4	42	27
936	1	45	19
937	2	45	23
938	1	48	23
939	3	45	27
940	1	48	23
941	2	48	27
942	1	51	27
943	5	42	31
944	1	45	19
945	2	45	23
946	1	48	23
947	3	45	27
948	1	48	23
949	2	48	27
950	1	51	27
951	4	45	31
952	1	48	23
953	2	48	27
954	1	50	27
955	3	48	31
956	1	50	27
957	2	51	31
958	1	53	31
959	7	39	35
960	1	42	15
961	2	42	19
962	1	45	19
963	3	42	23
964	1	45	19
965	2	45	23
966	1	48	23
967	4	42	27
968	1	45	19
969	2	45	23
970	1	48	23
971	3	45	27
972	1	48	23
973	2	48	27
974	1	51	27
975	5	42	31
976	1	45	19
977	2	45	23
978	1	48	23
979	3	45	27
980	1	48	23
981	2	48	27
982	1	50	27
983	4	45	31
984	1	47	23
985	2	48	27
986	1	51	27
987	3	47	31
988	1	51	27
989	2	50	31
990	1	53	31
991	6	41	35
992	1	44	19
993	2	45	23
994	1	48	23
995	3	44	27
996	1	47	23
997	2	47	27
998	1	50	27
999	4	45	31
1000	1	47	23
1001	2	47	27
1002	1	50	27
1003	3	48	31
1004	1	50	27
1005	2	50	31
1006	1	53	31
1007	5	44	35
1008	1	47	23
1009	2	47	27
1010	1	50	27
1011	3	47	31
1012	1	50	27
1013	2	50	31
1014	1	53	31
1015	4	47	35
1016	1	50	27
1017	2	49	31
1018	1	53	31
1019	3	50	35
1020	1	53	31
1021	2	53	35
1022	1	55	35
1023	11	29	39
1024	1	42	3
1025	2	41	7
1026	1	44	7
1027	3	41	11
1028	1	44	7
1029	2	44	11
1030	1	47	11
1031	4	41	15
1032	1	44	7
1033	2	44	11
1034	1	47	11
1035	3	44	15
1036	1	47	11
1037	2	47	15
1038	1	50	15
1039	5	41	19
1040	1	44	7
1041	2	44	11
1042	1	47	11
1043	3	44	15
1044	1	47	11
1045	2	47	15
1046	1	50	15
1047	4	44	19
1048	1	46	11
1049	2	47	15
1050	1	50	15
1051	3	46	19
1052	1	50	15
1053	2	49	19
1054	1	53	19
1055	6	40	23
1056	1	44	7
1057	2	44	11
1058	1	46	11
1059	3	44	15
1060	1	47	11
1061	2	46	15
1062	1	49	15
1063	4	43	19
1064	1	46	11
1065	2	46	15
1066	1	49	15
1067	3	46	19
1068	1	49	15
1069	2	49	19
1070	1	52	19
1071	5	43	23
1072	1	46	11
1073	2	46	15
1074	1	49	15
1075	3	46	19
1076	1	49	15
1077	2	49	19
1078	1	52	19
1079	4	46	23
1080	1	49	15
1081	2	49	19
1082	1	52	19
1083	3	49	23
1084	1	51	19
1085	2	52	23
1086	1	54	23
1087	7	40	27
1088	1	43	7
1089	2	43	11
1090	1	46	11
1091	3	43	15
1092	1	46	11
1093	2	46	15
1094	1	49	15
1095	4	43	19
1096	1	46	11
1097	2	46	15
1098	1	48	15
1099	3	45	19
1100	1	49	15
1101	2	49	19
1102	1	51	19
1103	5	42	23
1104	1	46	11
1105	2	45	15
1106	1	48	15
1107	3	46	19
1108	1	48	15
1109	2	48	19
1110	1	51	19
1111	4	46	23
1112	1	48	15
1113	2	49	19
1114	1	51	19
1115	3	48	23
1116	1	51	19
1117	2	51	23
1118	1	54	23
1119	6	42	27
1120	1	45	11
1121	2	46	15
1122	1	48	15
1123	3	45	19
1124	1	48	15
1125	2	49	19
1126	1	51	19
1127	4	45	23
1128	1	48	15
1129	2	48	19
1130	1	52	19
1131	3	48	23
1132	1	51	19
1133	2	51	23
1134	1	54	23
1135	5	45	27
1136	1	48	15
1137	2	48	19
1138	1	51	19
1139	3	48	23
1140	1	51	19
1141	2	51	23
1142	1	54	23
1143	4	48	27
1144	1	51	19
1145	2	50	23
1146	1	54	23
1147	3	51	27
1148	1	54	23
1149	2	53	27
1150	1	56	27
1151	8	39	31
1152	1	43	7
1153	2	43	11
1154	1	45	11
1155	3	42	15
1156	1	45	11
1157	2	45	15
1158	1	48	15
1159	4	42	19
1160	1	45	11
1161	2	45	15
1162	1	48	15
1163	3	45	19
1164	1	48	15
1165	2	48	19
1166	1	51	19
1167	5	42	23
1168	1	45	11
1169	2	45	15
1170	1	48	15
1171	3	45	19
1172	1	48	15
1173	2	48	19
1174	1	51	19
1175	4	45	23
1176	1	48	15
1177	2	48	19
1178	1	51	19
1179	3	48	23
1180	1	51	19
1181	2	51	23
1182	1	54	23
1183	6	42	27
1184	1	45	11
1185	2	45	15
1186	1	48	15
1187	3	45	19
1188	1	48	15
1189	2	47	19
1190	1	50	19
1191	4	45	23
1192	1	47	15
1193	2	47	19
1194	1	50	19
1195	3	48	23
1196	1	50	19
1197	2	51	23
1198	1	54	23
1199	5	45	27
1200	1	48	15
1201	2	47	19
1202	1	50	19
1203	3	48	23
1204	1	51	19
1205	2	50	23
1206	1	54	23
1207	4	47	27
1208	1	50	19
1209	2	50	23
1210	1	53	23
1211	3	50	27
1212	1	53	23
1213	2	53	27
1214	1	56	27
1215	7	42	31
1216	1	44	11
1217	2	44	15
1218	1	47	15
1219	3	45	19
1220	1	48	15
1221	2	48	19
1222	1	50	19
1223	4	44	23
1224	1	47	15
1225	2	47	19
1226	1	50	19
1227	3	47	23
1228	1	50	19
1229	2	50	23
1230	1	53	23
1231	5	44	27
1232	1	47	15
1233	2	47	19
1234	1	50	19
1235	3	48	23
1236	1	50	19
1237	2	50	23
1238	1	53	23
1239	4	47	27
1240	1	50	19
1241	2	50	23
1242	1	53	23
1243	3	50	27
1244	1	53	23
1245	2	53	27
1246	1	55	27
1247	6	44	31
1248	1	47	15
1249	2	47	19
1250	1	50	19
1251	3	47	23
1252	1	50	19
1253	2	50	23
1254	1	53	23
1255	4	47	27
1256	1	49	19
1257	2	50	23
1258	1	53	23
1259	3	49	27
1260	1	53	23
1261	2	53	27
1262	1	56	27
1263	5	47	31
1264	1	50	19
1265	2	50	23
1266	1	53	23
1267	3	50	27
1268	1	53	23
1269	2	53	27
1270	1	55	27
1271	4	50	31
1272	1	53	23
1273	2	52	27
1274	1	55	27
1275	3	52	31
1276	1	55	27
1277	2	55	31
1278	1	58	31
1279	9	39	35
1280	1	42	7
1281	2	42	11
1282	1	45	11
1283	3	42	15
1284	1	45	11
1285	2	45	15
1286	1	48	15
1287	4	42	19
1288	1	45	11
1289	2	45	15
1290	1	48	15
1291	3	45	19
1292	1	48	15
1293	2	48	19
1294	1	51	19
1295	5	41	23
1296	1	45	11
1297	2	44	15
1298	1	48	15
1299	3	45	19
1300	1	48	15
1301	2	47	19
1302	1	50	19
1303	4	44	23
1304	1	47	15
1305	2	48	19
1306	1	51	19
1307	3	47	23
1308	1	50	19
1309	2	50	23
1310	1	53	23
1311	6	41	27
1312	1	45	11
1313	2	44	15
1314	1	47	15
1315	3	44	19
1316	1	47	15
1317	2	47	19
1318	1	50	19
1319	4	44	23
1320	1	47	15
1321	2	47	19
1322	1	50	19
1323	3	48	23
1324	1	50	19
1325	2	50	23
1326	1	53	23
1327	5	44	27
1328	1	47	15
1329	2	48	19
1330	1	50	19
1331	3	47	23
1332	1	50	19
1333	2	50	23
1334	1	53	23
1335	4	47	27
1336	1	50	19
1337	2	50	23
1338	1	53	23
1339	3	50	27
1340	1	53	23
1341	2	53	27
1342	1	56	27
1343	7	41	31
1344	1	44	11
1345	2	44	15
1346	1	47	15
1347	3	44	19
1348	1	47	15
1349	2	47	19
1350	1	50	19
1351	4	44	23
1352	1	47	15
1353	2	47	19
1354	1	50	19
1355	3	47	23
1356	1	50	19
1357	2	50	23
1358	1	53	23
1359	5	44	27
1360	1	47	15
1361	2	47	19
1362	1	50	19
1363	3	47	23
1364	1	50	19
1365	2	50	23
1366	1	53	23
1367	4	47	27
1368	1	50	19
1369	2	50	23
1370	1	52	23
1371	3	50	27
1372	1	53	23
1373	2	52	27
1374	1	55	27
1375	6	44	31
1376	1	47	15
1377	2	47	19
1378	1	50	19
1379	3	46	23
1380	1	49	19
1381	2	50	23
1382	1	52	23
1383	4	46	27
1384	1	49	19
1385	2	49	23
1386	1	52	23
1387	3	50	27
1388	1	52	23
1389	2	52	27
1390	1	55	27
1391	5	46	31
1392	1	49	19
1393	2	49	23
1394	1	52	23
1395	3	49	27
1396	1	52	23
1397	2	52	27
1398	1	55	27
1399	4	49	31
1400	1	52	23
1401	2	52	27
1402	1	55	27
1403	3	52	31
1404	1	55	27
1405	2	55	31
1406	1	57	31
1407	8	41	35
1408	1	44	11
1409	2	44	15
1410	1	47	15
1411	3	44	19
1412	1	47	15
1413	2	47	19
1414	1	50	19
1415	4	44	23
1416	1	47	15
1417	2	46	19
1418	1	50	19
1419	3	47	23
1420	1	50	19
1421	2	50	23
1422	1	53	23
1423	5	43	27
1424	1	47	15
1425	2	47	19
1426	1	49	19
1427	3	46	23
1428	1	49	19
1429	2	49	23
1430	1	53	23
1431	4	47	27
1432	1	50	19
1433	2	50	23
1434	1	53	23
1435	3	50	27
1436	1	52	23
1437	2	52	27
1438	1	55	27
1439	6	43	31
1440	1	47	15
1441	2	46	19
1442	1	49	19
1443	3	46	23
1444	1	50	19
1445	2	49	23
1446	1	52	23
1447	4	46	27
1448	1	49	19
1449	2	49	23
1450	1	52	23
1451	3	49	27
1452	1	52	23
1453	2	52	27
1454	1	55	27
1455	5	46	31
1456	1	49	19
1457	2	49	23
1458	1	52	23
1459	3	49	27
1460	1	52	23
1461	2	52	27
1462	1	55	27
1463	4	49	31
1464	1	52	23
1465	2	51	27
1466	1	55	27
1467	3	51	31
1468	1	55	27
1469	2	54	31
1470	1	57	31
1471	7	43	35
1472	1	46	15
1473	2	46	19
1474	1	49	19
1475	3	46	23
1476	1	49	19
1477	2	49	23
1478	1	52	23
1479	4	46	27
1480	1	49	19
1481	2	49	23
1482	1	52	23
1483	3	49	27
1484	1	52	23
1485	2	52	27
1486	1	55	27
1487	5	46	31
1488	1	49	19
1489	2	48	23
1490	1	52	23
1491	3	49	27
1492	1	52	23
1493	2	51	27
1494	1	54	27
1495	4	49	31
1496	1	51	23
1497	2	52	27
1498	1	55	27
1499	3	51	31
1500	1	55	27
1501	2	55	31
1502	1	58	31
1503	6	46	35
1504	1	49	19
1505	2	49	23
1506	1	51	23
1507	3	49	27
1508	1	51	23
1509	2	52	27
1510	1	54	27
1511	4	48	31
1512	1	52	23
1513	2	52	27
1514	1	55	27
1515	3	51	31
1516	1	55	27
1517	2	55	31
1518	1	58	31
1519	5	48	35
1520	1	51	23
1521	2	51	27
1522	1	54	27
1523	3	51	31
1524	1	54	27
1525	2	54	31
1526	1	57	31
1527	4	51	35
1528	1	54	27
1529	2	54	31
1530	1	57	31
1531	3	54	35
1532	1	57	31
1533	2	57	35
1534	1	60	35
1535	10	39	39
1536	1	42	7
1537	2	42	11
1538	1	45	11
1539	3	42	15
1540	1	45	11
1541	2	45	15
1542	1	48	15
1543	4	42	19
1544	1	45	11
1545	2	45	15
1546	1	48	15
1547	3	45	19
1548	1	48	15
1549	2	48	19
1550	1	51	19
1551	5	42	23
1552	1	45	11
1553	2	45	15
1554	1	48	15
1555	3	45	19
1556	1	48	15
1557	2	48	19
1558	1	51	19
1559	4	45	23
1560	1	48	15
1561	2	48	19
1562	1	51	19
1563	3	48	23
1564	1	51	19
1565	2	51	23
1566	1	54	23
1567	6	42	27
1568	1	45	11
1569	2	45	15
1570	1	48	15
1571	3	45	19
1572	1	48	15
1573	2	48	19
1574	1	51	19
1575	4	45	23
1576	1	48	15
1577	2	48	19
1578	1	50	19
1579	3	48	23
1580	1	50	19
1581	2	50	23
1582	1	54	23
1583	5	45	27
1584	1	47	15
1585	2	47	19
1586	1	50	19
1587	3	47	23
1588	1	51	19
1589	2	50	23
1590	1	53	23
1591	4	47	27
1592	1	50	19
1593	2	50	23
1594	1	53	23
1595	3	50	27
1596	1	53	23
1597	2	53	27
1598	1	56	27
1599	7	41	31
1600	1	45	11
1601	2	44	15
1602	1	47	15
1603	3	44	19
1604	1	47	15
1605	2	47	19
1606	1	50	19
1607	4	44	23
1608	1	47	15
1609	2	47	19
1610	1	50	19
1611	3	47	23
1612	1	50	19
1613	2	50	23
1614	1	53	23
1615	5	44	27
1616	1	47	15
1617	2	47	19
1618	1	50	19
1619	3	47	23
1620	1	50	19
1621	2	50	23
1622	1	53	23
1623	4	47	27
1624	1	50	19
1625	2	50	23
1626	1	53	23
1627	3	50	27
1628	1	53	23
1629	2	53	27
1630	1	56	27
1631	6	44	31
1632	1	47	15
1633	2	47	19
1634	1	50	19
1635	3	47	23
1636	1	50	19
1637	2	50	23
1638	1	53	23
1639	4	47	27
1640	1	50	19
1641	2	50	23
1642	1	53	23
1643	3	50	27
1644	1	53	23
1645	2	53	27
1646	1	56	27
1647	5	47	31
1648	1	50	19
1649	2	49	23
1650	1	53	23
1651	3	50	27
1652	1	53	23
1653	2	53	27
1654	1	56	27
1655	4	50	31
1656	1	53	23
1657	2	53	27
1658	1	55	27
1659	3	53	31
1660	1	56	27
1661	2	55	31
1662	1	58	31
1663	8	41	35
1664	1	44	11
1665	2	44	15
1666	1	47	15
1667	3	44	19
1668	1	47	15
1669	2	47	19
1670	1	50	19
1671	4	44	23
1672	1	47	15
1673	2	47	19
1674	1	50	19
1675	3	47	23
1676	1	50	19
1677	2	50	23
1678	1	53	23
1679	5	44	27
1680	1	47	15
1681	2	47	19
1682	1	50	19
1683	3	47	23
1684	1	50	19
1685	2	50	23
1686	1	53	23
1687	4	47	27
1688	1	50	19
1689	2	50	23
1690	1	53	23
1691	3	50	27
1692	1	53	23
1693	2	53	27
1694	1	56	27
1695	6	44	31
1696	1	47	15
1697	2	47	19
1698	1	50	19
1699	3	47	23
1700	1	50	19
1701	2	49	23
1702	1	53	23
1703	4	47	27
1704	1	50	19
1705	2	50	23
1706	1	53	23
1707	3	49	27
1708	1	52	23
1709	2	53	27
1710	1	55	27
1711	5	47	31
1712	1	50	19
1713	2	49	23
1714	1	52	23
1715	3	49	27
1716	1	52	23
1717	2	52	27
1718	1	55	27
1719	4	49	31
1720	1	52	23
1721	2	52	27
1722	1	55	27
1723	3	52	31
1724	1	55	27
1725	2	55	31
1726	1	58	31
1727	7	43	35
1728	1	46	15
1729	2	46	19
1730	1	50	19
1731	3	47	23
1732	1	49	19
1733	2	50	23
1734	1	52	23
1735	4	46	27
1736	1	49	19
1737	2	49	23
1738	1	52	23
1739	3	49	27
1740	1	52	23
1741	2	52	27
1742	1	55	27
1743	5	46	31
1744	1	49	19
1745	2	49	23
1746	1	53	23
1747	3	49	27
1748	1	52	23
1749	2	52	27
1750	1	55	27
1751	4	49	31
1752	1	52	23
1753	2	52	27
1754	1	55	27
1755	3	52	31
1756	1	55	27
1757	2	55	31
1758	1	58	31
1759	6	46	35
1760	1	49	19
1761	2	49	23
1762	1	53	23
1763	3	49	27
1764	1	52	23
1765	2	52	27
1766	1	55	27
1767	4	49	31
1768	1	52	23
1769	2	52	27
1770	1	55	27
1771	3	53	31
1772	1	55	27
1773	2	55	31
1774	1	58	31
1775	5	49	35
1776	1	52	23
1777	2	52	27
1778	1	55	27
1779	3	52	31
1780	1	55	27
1781	2	55	31
1782	1	58	31
1783	4	52	35
1784	1	55	27
1785	2	55	31
1786	1	58	31
1787	3	55	35
1788	1	58	31
1789	2	58	35
1790	1	60	35
1791	9	41	39
1792	1	44	11
1793	2	44	15
1794	1	47	15
1795	3	44	19
1796	1	47	15
1797	2	47	19
1798	1	50	19
1799	4	44	23
1800	1	46	15
1801	2	47	19
1802	1	50	19
1803	3	46	23
1804	1	50	19
1805	2	50	23
1806	1	52	23
1807	5	44	27
1808	1	47	15
1809	2	47	19
1810	1	50	19
1811	3	47	23
1812	1	50	19
1813	2	50	23
1814	1	52	23
1815	4	47	27
1816	1	49	19
1817	2	50	23
1818	1	53	23
1819	3	50	27
1820	1	53	23
1821	2	53	27
1822	1	55	27
1823	6	44	31
1824	1	46	15
1825	2	46	19
1826	1	49	19
1827	3	46	23
1828	1	50	19
1829	2	49	23
1830	1	52	23
1831	4	47	27
1832	1	50	19
1833	2	49	23
1834	1	53	23
1835	3	50	27
1836	1	52	23
1837	2	53	27
1838	1	55	27
1839	5	47	31
1840	1	49	19
1841	2	49	23
1842	1	52	23
1843	3	49	27
1844	1	52	23
1845	2	52	27
1846	1	55	27
1847	4	49	31
1848	1	52	23
1849	2	52	27
1850	1	55	27
1851	3	52	31
1852	1	55	27
1853	2	55	31
1854	1	58	31
1855	7	43	35
1856	1	46	15
1857	2	46	19
1858	1	49	19
1859	3	47	23
1860	1	49	19
1861	2	49	23
1862	1	52	23
1863	4	46	27
1864	1	49	19
1865	2	50	23
1866	1	52	23
1867	3	49	27
1868	1	52	23
1869	2	52	27
1870	1	55	27
1871	5	46	31
1872	1	49	19
1873	2	49	23
1874	1	52	23
1875	3	49	27
1876	1	52	23
1877	2	52	27
1878	1	55	27
1879	4	49	31
1880	1	52	23
1881	2	51	27
1882	1	55	27
1883	3	52	31
1884	1	55	27
1885	2	55	31
1886	1	58	31
1887	6	46	35
1888	1	49	19
1889	2	50	23
1890	1	52	23
1891	3	49	27
1892	1	52	23
1893	2	52	27
1894	1	55	27
1895	4	49	31
1896	1	52	23
1897	2	52	27
1898	1	55	27
1899	3	52	31
1900	1	55	27
1901	2	55	31
1902	1	58	31
1903	5	49	35
1904	1	52	23
1905	2	52	27
1906	1	54	27
1907	3	52	31
1908	1	55	27
1909	2	55	31
1910	1	57	31
1911	4	51	35
1912	1	55	27
1913	2	55	31
1914	1	57	31
1915	3	55	35
1916	1	58	31
1917	2	58	35
1918	1	60	35
1919	8	43	39
1920	1	46	15
1921	2	46	19
1922	1	49	19
1923	3	46	23
1924	1	49	19
1925	2	49	23
1926	1	52	23
1927	4	46	27
1928	1	49	19
1929	2	49	23
1930	1	52	23
1931	3	49	27
1932	1	52	23
1933	2	52	27
1934	1	55	27
1935	5	46	31
1936	1	49	19
1937	2	49	23
1938	1	52	23
1939	3	49	27
1940	1	52	23
1941	2	52	27
1942	1	55	27
1943	4	49	31
1944	1	52	23
1945	2	52	27
1946	1	55	27
1947	3	52	31
1948	1	55	27
1949	2	55	31
1950	1	58	31
1951	6	46	35
1952	1	49	19
1953	2	49	23
1954	1	52	23
1955	3	49	27
1956	1	52	23
1957	2	51	27
1958	1	54	27
1959	4	49	31
1960	1	51	23
1961	2	52	27
1962	1	54	27
1963	3	52	31
1964	1	55	27
1965	2	54	31
1966	1	57	31
1967	5	49	35
1968	1	52	23
1969	2	52	27
1970	1	54	27
1971	3	51	31
1972	1	54	27
1973	2	55	31
1974	1	58	31
1975	4	51	35
1976	1	55	27
1977	2	54	31
1978	1	57	31
1979	3	54	35
1980	1	58	31
1981	2	57	35
1982	1	60	35
1983	7	46	39
1984	1	48	19
1985	2	49	23
1986	1	51	23
1987	3	48	27
1988	1	51	23
1989	2	52	27
1990	1	55	27
1991	4	49	31
1992	1	51	23
1993	2	52	27
1994	1	54	27
1995	3	52	31
1996	1	54	27
1997	2	54	31
1998	1	57	31
1999	5	48	35
2000	1	51	23
2001	2	52	27
2002	1	55	27
2003	3	51	31
2004	1	54	27
2005	2	54	31
2006	1	57	31
2007	4	51	35
2008	1	54	27
2009	2	54	31
2010	1	57	31
2011	3	54	35
2012	1	57	31
2013	2	57	35
2014	1	60	35
2015	6	48	39
2016	1	51	23
2017	2	51	27
2018	1	54	27
2019	3	51	31
2020	1	54	27
2021	2	54	31
2022	1	57	31
2023	4	51	35
2024	1	54	27
2025	2	54	31
2026	1	57	31
2027	3	54	35
2028	1	57	31
2029	2	57	35
2030	1	60	35
2031	5	51	39
2032	1	54	27
2033	2	54	31
2034	1	57	31
2035	3	54	35
2036	1	57	31
2037	2	57	35
2038	1	60	35
2039	4	54	39
2040	1	57	31
2041	2	57	35
2042	1	59	35
2043	3	57	39
2044	1	60	35
2045	2	60	39
2046	1	62	39
2047	12	32	43
2048	1	45	3
2049	2	45	7
2050	1	49	7
2051	3	45	11
2052	1	48	7
2053	2	48	11
2054	1	51	11
2055	4	45	15
2056	1	48	7
2057	2	48	11
2058	1	51	11
2059	3	48	15
2060	1	51	11
2061	2	51	15
2062	1	54	15
2063	5	45	19
2064	1	48	7
2065	2	48	11
2066	1	51	11
2067	3	48	15
2068	1	51	11
2069	2	51	15
2070	1	54	15
2071	4	48	19
2072	1	51	11
2073	2	51	15
2074	1	54	15
2075	3	51	19
2076	1	54	15
2077	2	54	19
2078	1	57	19
2079	6	45	23
2080	1	48	7
2081	2	48	11
2082	1	51	11
2083	3	48	15
2084	1	51	11
2085	2	51	15
2086	1	54	15
2087	4	48	19
2088	1	51	11
2089	2	51	15
2090	1	53	15
2091	3	51	19
2092	1	54	15
2093	2	54	19
2094	1	57	19
2095	5	48	23
2096	1	51	11
2097	2	51	15
2098	1	54	15
2099	3	51	19
2100	1	54	15
2101	2	54	19
2102	1	56	19
2103	4	50	23
2104	1	54	15
2105	2	54	19
2106	1	57	19
2107	3	54	23
2108	1	57	19
2109	2	56	23
2110	1	60	23
2111	7	44	27
2112	1	47	7
2113	2	48	11
2114	1	51	11
2115	3	47	15
2116	1	51	11
2117	2	50	15
2118	1	53	15
2119	4	47	19
2120	1	51	11
2121	2	50	15
2122	1	54	15
2123	3	51	19
2124	1	53	15
2125	2	53	19
2126	1	56	19
2127	5	47	23
2128	1	50	11
2129	2	50	15
2130	1	53	15
2131	3	50	19
2132	1	53	15
2133	2	53	19
2134	1	56	19
2135	4	50	23
2136	1	53	15
2137	2	53	19
2138	1	56	19
2139	3	53	23
2140	1	56	19
2141	2	56	23
2142	1	59	23
2143	6	47	27
2144	1	50	11
2145	2	50	15
2146	1	53	15
2147	3	50	19
2148	1	53	15
2149	2	53	19
2150	1	56	19
2151	4	50	23
2152	1	53	15
2153	2	53	19
2154	1	56	19
2155	3	53	23
2156	1	56	19
2157	2	56	23
2158	1	59	23
2159	5	50	27
2160	1	53	15
2161	2	53	19
2162	1	56	19
2163	3	53	23
2164	1	56	19
2165	2	56	23
2166	1	59	23
2167	4	53	27
2168	1	56	19
2169	2	56	23
2170	1	59	23
2171	3	55	27
2172	1	59	23
2173	2	59	27
2174	1	62	27
2175	8	44	31
2176	1	47	7
2177	2	47	11
2178	1	50	11
2179	3	47	15
2180	1	50	11
2181	2	50	15
2182	1	53	15
2183	4	47	19
2184	1	50	11
2185	2	50	15
2186	1	52	15
2187	3	50	19
2188	1	53	15
2189	2	53	19
2190	1	55	19
2191	5	47	23
2192	1	50	11
2193	2	49	15
2194	1	53	15
2195	3	50	19
2196	1	53	15
2197	2	53	19
2198	1	55	19
2199	4	50	23
2200	1	52	15
2201	2	52	19
2202	1	56	19
2203	3	52	23
2204	1	55	19
2205	2	55	23
2206	1	58	23
2207	6	47	27
2208	1	50	11
2209	2	50	15
2210	1	53	15
2211	3	50	19
2212	1	53	15
2213	2	53	19
2214	1	56	19
2215	4	50	23
2216	1	52	15
2217	2	52	19
2218	1	56	19
2219	3	52	23
2220	1	55	19
2221	2	55	23
2222	1	59	23
2223	5	49	27
2224	1	52	15
2225	2	52	19
2226	1	55	19
2227	3	53	23
2228	1	55	19
2229	2	55	23
2230	1	58	23
2231	4	52	27
2232	1	55	19
2233	2	55	23
2234	1	58	23
2235	3	55	27
2236	1	58	23
2237	2	59	27
2238	1	61	27
2239	7	46	31
2240	1	50	11
2241	2	49	15
2242	1	52	15
2243	3	49	19
2244	1	52	15
2245	2	52	19
2246	1	55	19
2247	4	49	23
2248	1	52	15
2249	2	52	19
2250	1	55	19
2251	3	52	23
2252	1	55	19
2253	2	55	23
2254	1	58	23
2255	5	49	27
2256	1	52	15
2257	2	52	19
2258	1	55	19
2259	3	52	23
2260	1	55	19
2261	2	55	23
2262	1	58	23
2263	4	52	27
2264	1	55	19
2265	2	55	23
2266	1	58	23
2267	3	55	27
2268	1	58	23
2269	2	58	27
2270	1	61	27
2271	6	49	31
2272	1	52	15
2273	2	52	19
2274	1	55	19
2275	3	52	23
2276	1	55	19
2277	2	55	23
2278	1	58	23
2279	4	52	27
2280	1	55	19
2281	2	55	23
2282	1	57	23
2283	3	55	27
2284	1	58	23
2285	2	57	27
2286	1	61	27
2287	5	52	31
2288	1	55	19
2289	2	55	23
2290	1	58	23
2291	3	55	27
2292	1	58	23
2293	2	57	27
2294	1	61	27
2295	4	55	31
2296	1	58	23
2297	2	58	27
2298	1	61	27
2299	3	57	31
2300	1	60	27
2301	2	60	31
2302	1	62	31
2303	9	43	35
2304	1	46	7
2305	2	47	11
2306	1	49	11
2307	3	46	15
2308	1	50	11
2309	2	49	15
2310	1	52	15
2311	4	46	19
2312	1	49	11
2313	2	49	15
2314	1	52	15
2315	3	49	19
2316	1	52	15
2317	2	52	19
2318	1	55	19
2319	5	46	23
2320	1	49	11
2321	2	49	15
2322	1	52	15
2323	3	49	19
2324	1	52	15
2325	2	52	19
2326	1	55	19
2327	4	49	23
2328	1	52	15
2329	2	52	19
2330	1	55	19
2331	3	52	23
2332	1	55	19
2333	2	55	23
2334	1	58	23
2335	6	46	27
2336	1	49	11
2337	2	49	15
2338	1	52	15
2339	3	49	19
2340	1	52	15
2341	2	52	19
2342	1	55	19
2343	4	49	23
2344	1	52	15
2345	2	52	19
2346	1	55	19
2347	3	52	23
2348	1	55	19
2349	2	55	23
2350	1	57	23
2351	5	49	27
2352	1	52	15
2353	2	52	19
2354	1	55	19
2355	3	52	23
2356	1	55	19
2357	2	55	23
2358	1	58	23
2359	4	52	27
2360	1	54	19
2361	2	55	23
2362	1	58	23
2363	3	55	27
2364	1	57	23
2365	2	58	27
2366	1	60	27
2367	7	46	31
2368	1	49	11
2369	2	48	15
2370	1	52	15
2371	3	49	19
2372	1	52	15
2373	2	52	19
2374	1	55	19
2375	4	49	23
2376	1	52	15
2377	2	51	19
2378	1	54	19
2379	3	52	23
2380	1	54	19
2381	2	54	23
2382	1	58	23
2383	5	49	27
2384	1	51	15
2385	2	52	19
2386	1	55	19
2387	3	51	23
2388	1	54	19
2389	2	55	23
2390	1	57	23
2391	4	52	27
2392	1	54	19
2393	2	55	23
2394	1	58	23
2395	3	54	27
2396	1	58	23
2397	2	57	27
2398	1	60	27
2399	6	49	31
2400	1	52	15
2401	2	51	19
2402	1	55	19
2403	3	51	23
2404	1	54	19
2405	2	55	23
2406	1	57	23
2407	4	51	27
2408	1	54	19
2409	2	54	23
2410	1	57	23
2411	3	54	27
2412	1	57	23
2413	2	57	27
2414	1	61	27
2415	5	51	31
2416	1	54	19
2417	2	54	23
2418	1	57	23
2419	3	54	27
2420	1	57	23
2421	2	57	27
2422	1	60	27
2423	4	54	31
2424	1	57	23
2425	2	57	27
2426	1	60	27
2427	3	57	31
2428	1	60	27
2429	2	60	31
2430	1	63	31
2431	8	45	35
2432	1	49	11
2433	2	48	15
2434	1	51	15
2435	3	48	19
2436	1	52	15
2437	2	51	19
2438	1	55	19
2439	4	48	23
2440	1	51	15
2441	2	51	19
2442	1	54	19
2443	3	51	23
2444	1	55	19
2445	2	54	23
2446	1	57	23
2447	5	49	27
2448	1	51	15
2449	2	51	19
2450	1	54	19
2451	3	51	23
2452	1	54	19
2453	2	54	23
2454	1	57	23
2455	4	51	27
2456	1	54	19
2457	2	54	23
2458	1	57	23
2459	3	54	27
2460	1	57	23
2461	2	57	27
2462	1	60	27
2463	6	48	31
2464	1	51	15
2465	2	51	19
2466	1	54	19
2467	3	51	23
2468	1	54	19
2469	2	54	23
2470	1	57	23
2471	4	51	27
2472	1	54	19
2473	2	54	23
2474	1	57	23
2475	3	54	27
2476	1	57	23
2477	2	57	27
2478	1	60	27
2479	5	51	31
2480	1	54	19
2481	2	54	23
2482	1	57	23
2483	3	54	27
2484	1	57	23
2485	2	57	27
2486	1	60	27
2487	4	54	31
2488	1	57	23
2489	2	57	27
2490	1	59	27
2491	3	57	31
2492	1	60	27
2493	2	60	31
2494	1	63	31
2495	7	48	35
2496	1	51	15
2497	2	51	19
2498	1	54	19
2499	3	51	23
2500	1	54	19
2501	2	54	23
2502	1	57	23
2503	4	51	27
2504	1	54	19
2505	2	54	23
2506	1	57	23
2507	3	54	27
2508	1	57	23
2509	2	57	27
2510	1	60	27
2511	5	51	31
2512	1	54	19
2513	2	54	23
2514	1	57	23
2515	3	53	27
2516	1	57	23
2517	2	57	27
2518	1	59	27
2519	4	54	31
2520	1	56	23
2521	2	57	27
2522	1	60	27
2523	3	56	31
2524	1	59	27
2525	2	60	31
2526	1	62	31
2527	6	50	35
2528	1	54	19
2529	2	54	23
2530	1	56	23
2531	3	53	27
2532	1	56	23
2533	2	56	27
2534	1	59	27
2535	4	53	31
2536	1	56	23
2537	2	57	27
2538	1	59	27
2539	3	56	31
2540	1	59	27
2541	2	60	31
2542	1	63	31
2543	5	54	35
2544	1	57	23
2545	2	57	27
2546	1	59	27
2547	3	57	31
2548	1	59	27
2549	2	60	31
2550	1	62	31
2551	4	57	35
2552	1	59	27
2553	2	59	31
2554	1	62	31
2555	3	59	35
2556	1	62	31
2557	2	62	35
2558	1	64	35
2559	10	43	39
2560	1	46	7
2561	2	46	11
2562	1	49	11
2563	3	46	15
2564	1	49	11
2565	2	49	15
2566	1	52	15
2567	4	46	19
2568	1	49	11
2569	2	49	15
2570	1	52	15
2571	3	49	19
2572	1	52	15
2573	2	52	19
2574	1	55	19
2575	5	46	23
2576	1	49	11
2577	2	49	15
2578	1	52	15
2579	3	49	19
2580	1	52	15
2581	2	52	19
2582	1	55	19
2583	4	49	23
2584	1	52	15
2585	2	52	19
2586	1	55	19
2587	3	51	23
2588	1	54	19
2589	2	54	23
2590	1	58	23
2591	6	45	27
2592	1	48	11
2593	2	48	15
2594	1	52	15
2595	3	49	19
2596	1	51	15
2597	2	51	19
2598	1	54	19
2599	4	49	23
2600	1	51	15
2601	2	51	19
2602	1	54	19
2603	3	51	23
2604	1	55	19
2605	2	55	23
2606	1	58	23
2607	5	49	27
2608	1	52	15
2609	2	52	19
2610	1	55	19
2611	3	51	23
2612	1	54	19
2613	2	54	23
2614	1	57	23
2615	4	51	27
2616	1	54	19
2617	2	54	23
2618	1	57	23
2619	3	55	27
2620	1	57	23
2621	2	57	27
2622	1	60	27
2623	7	45	31
2624	1	48	11
2625	2	49	15
2626	1	51	15
2627	3	48	19
2628	1	51	15
2629	2	51	19
2630	1	54	19
2631	4	49	23
2632	1	52	15
2633	2	51	19
2634	1	54	19
2635	3	51	23
2636	1	54	19
2637	2	54	23
2638	1	57	23
2639	5	48	27
2640	1	51	15
2641	2	51	19
2642	1	54	19
2643	3	51	23
2644	1	54	19
2645	2	54	23
2646	1	57	23
2647	4	51	27
2648	1	54	19
2649	2	54	23
2650	1	57	23
2651	3	54	27
2652	1	57	23
2653	2	57	27
2654	1	60	27
2655	6	48	31
2656	1	51	15
2657	2	51	19
2658	1	54	19
2659	3	51	23
2660	1	54	19
2661	2	54	23
2662	1	57	23
2663	4	51	27
2664	1	54	19
2665	2	54	23
2666	1	57	23
2667	3	54	27
2668	1	57	23
2669	2	57	27
2670	1	60	27
2671	5	51	31
2672	1	54	19
2673	2	54	23
2674	1	57	23
2675	3	54	27
2676	1	57	23
2677	2	57	27
2678	1	60	27
2679	4	54	31
2680	1	57	23
2681	2	57	27
2682	1	59	27
2683	3	57	31
2684	1	60	27
2685	2	60	31
2686	1	63	31
2687	8	45	35
2688	1	48	11
2689	2	48	15
2690	1	51	15
2691	3	48	19
2692	1	51	15
2693	2	51	19
2694	1	54	19
2695	4	48	23
2696	1	51	15
2697	2	51	19
2698	1	54	19
2699	3	51	23
2700	1	54	19
2701	2	54	23
2702	1	57	23
2703	5	48	27
2704	1	51	15
2705	2	51	19
2706	1	54	19
2707	3	51	23
2708	1	54	19
2709	2	54	23
2710	1	57	23
2711	4	51	27
2712	1	54	19
2713	2	54	23
2714	1	57	23
2715	3	54	27
2716	1	57	23
2717	2	56	27
2718	1	60	27
2719	6	48	31
2720	1	51	15
2721	2	51	19
2722	1	54	19
2723	3	51	23
2724	1	54	19
2725	2	53	23
2726	1	57	23
2727	4	51	27
2728	1	54	19
2729	2	53	23
2730	1	57	23
2731	3	54	27
2732	1	56	23
2733	2	57	27
2734	1	59	27
2735	5	50	31
2736	1	54	19
2737	2	53	23
2738	1	57	23
2739	3	54	27
2740	1	56	23
2741	2	57	27
2742	1	60	27
2743	4	54	31
2744	1	56	23
2745	2	56	27
2746	1	59	27
2747	3	56	31
2748	1	60	27
2749	2	60	31
2750	1	62	31
2751	7	48	35
2752	1	50	15
2753	2	51	19
2754	1	54	19
2755	3	51	23
2756	1	54	19
2757	2	54	23
2758	1	56	23
2759	4	51	27
2760	1	53	19
2761	2	54	23
2762	1	56	23
2763	3	54	27
2764	1	56	23
2765	2	56	27
2766	1	59	27
2767	5	50	31
2768	1	53	19
2769	2	53	23
2770	1	57	23
2771	3	53	27
2772	1	56	23
2773	2	56	27
2774	1	59	27
2775	4	53	31
2776	1	56	23
2777	2	56	27
2778	1	59	27
2779	3	56	31
2780	1	59	27
2781	2	59	31
2782	1	62	31
2783	6	50	35
2784	1	53	19
2785	2	53	23
2786	1	56	23
2787	3	53	27
2788	1	56	23
2789	2	57	27
2790	1	59	27
2791	4	53	31
2792	1	56	23
2793	2	56	27
2794	1	59	27
2795	3	56	31
2796	1	59	27
2797	2	59	31
2798	1	63	31
2799	5	53	35
2800	1	56	23
2801	2	56	27
2802	1	59	27
2803	3	56	31
2804	1	59	27
2805	2	59	31
2806	1	62	31
2807	4	56	35
2808	1	59	27
2809	2	59	31
2810	1	62	31
2811	3	59	35
2812	1	62	31
2813	2	62	35
2814	1	64	35
2815	9	45	39
2816	1	48	11
2817	2	48	15
2818	1	51	15
2819	3	48	19
2820	1	51	15
2821	2	50	19
2822	1	54	19
2823	4	48	23
2824	1	51	15
2825	2	51	19
2826	1	54	19
2827	3	51	23
2828	1	54	19
2829	2	53	23
2830	1	56	23
2831	5	48	27
2832	1	51	15
2833	2	50	19
2834	1	54	19
2835	3	51	23
2836	1	53	19
2837	2	53	23
2838	1	56	23
2839	4	50	27
2840	1	54	19
2841	2	54	23
2842	1	56	23
2843	3	53	27
2844	1	56	23
2845	2	56	27
2846	1	59	27
2847	6	47	31
2848	1	50	15
2849	2	50	19
2850	1	53	19
2851	3	51	23
2852	1	54	19
2853	2	54	23
2854	1	57	23
2855	4	50	27
2856	1	53	19
2857	2	53	23
2858	1	56	23
2859	3	53	27
2860	1	56	23
2861	2	56	27
2862	1	59	27
2863	5	50	31
2864	1	53	19
2865	2	53	23
2866	1	56	23
2867	3	53	27
2868	1	56	23
2869	2	56	27
2870	1	59	27
2871	4	53	31
2872	1	56	23
2873	2	56	27
2874	1	59	27
2875	3	56	31
2876	1	59	27
2877	2	59	31
2878	1	62	31
2879	7	47	35
2880	1	50	15
2881	2	50	19
2882	1	53	19
2883	3	50	23
2884	1	53	19
2885	2	53	23
2886	1	56	23
2887	4	50	27
2888	1	53	19
2889	2	53	23
2890	1	56	23
2891	3	53	27
2892	1	56	23
2893	2	56	27
2894	1	59	27
2895	5	50	31
2896	1	53	19
2897	2	53	23
2898	1	56	23
2899	3	53	27
2900	1	56	23
2901	2	56	27
2902	1	59	27
2903	4	53	31
2904	1	56	23
2905	2	56	27
2906	1	59	27
2907	3	56	31
2908	1	59	27
2909	2	59	31
2910	1	62	31
2911	6	50	35
2912	1	53	19
2913	2	53	23
2914	1	56	23
2915	3	53	27
2916	1	56	23
2917	2	56	27
2918	1	59	27
2919	4	53	31
2920	1	56	23
2921	2	56	27
2922	1	59	27
2923	3	56	31
2924	1	59	27
2925	2	59	31
2926	1	62	31
2927	5	53	35
2928	1	56	23
2929	2	56	27
2930	1	58	27
2931	3	56	31
2932	1	58	27
2933	2	59	31
2934	1	62	31
2935	4	55	35
2936	1	59	27
2937	2	58	31
2938	1	62	31
2939	3	59	35
2940	1	61	31
2941	2	61	35
2942	1	65	35
2943	8	47	39
2944	1	50	15
2945	2	50	19
2946	1	53	19
2947	3	50	23
2948	1	53	19
2949	2	53	23
2950	1	56	23
2951	4	50	27
2952	1	53	19
2953	2	53	23
2954	1	56	23
2955	3	52	27
2956	1	56	23
2957	2	56	27
2958	1	59	27
2959	5	49	31
2960	1	53	19
2961	2	53	23
2962	1	56	23
2963	3	53	27
2964	1	56	23
2965	2	56	27
2966	1	59	27
2967	4	53	31
2968	1	56	23
2969	2	56	27
2970	1	59	27
2971	3	56	31
2972	1	59	27
2973	2	58	31
2974	1	62	31
2975	6	49	35
2976	1	53	19
2977	2	53	23
2978	1	56	23
2979	3	53	27
2980	1	56	23
2981	2	56	27
2982	1	59	27
2983	4	52	31
2984	1	56	23
2985	2	56	27
2986	1	59	27
2987	3	56	31
2988	1	59	27
2989	2	59	31
2990	1	61	31
2991	5	53	35
2992	1	55	23
2993	2	56	27
2994	1	58	27
2995	3	56	31
2996	1	59	27
2997	2	59	31
2998	1	62	31
2999	4	55	35
3000	1	59	27
3001	2	58	31
3002	1	62	31
3003	3	58	35
3004	1	61	31
3005	2	61	35
3006	1	64	35
3007	7	50	39
3008	1	53	19
3009	2	53	23
3010	1	56	23
3011	3	53	27
3012	1	55	23
3013	2	55	27
3014	1	59	27
3015	4	52	31
3016	1	56	23
3017	2	56	27
3018	1	58	27
3019	3	55	31
3020	1	58	27
3021	2	58	31
3022	1	61	31
3023	5	52	35
3024	1	55	23
3025	2	55	27
3026	1	58	27
3027	3	55	31
3028	1	58	27
3029	2	58	31
3030	1	62	31
3031	4	56	35
3032	1	59	27
3033	2	58	31
3034	1	61	31
3035	3	58	35
3036	1	62	31
3037	2	62	35
3038	1	64	35
3039	6	52	39
3040	1	55	23
3041	2	55	27
3042	1	59	27
3043	3	55	31
3044	1	58	27
3045	2	58	31
3046	1	61	31
3047	4	55	35
3048	1	58	27
3049	2	58	31
3050	1	61	31
3051	3	58	35
3052	1	61	31
3053	2	61	35
3054	1	64	35
3055	5	55	39
3056	1	58	27
3057	2	58	31
3058	1	61	31
3059	3	58	35
3060	1	61	31
3061	2	61	35
3062	1	64	35
3063	4	58	39
3064	1	61	31
3065	2	61	35
3066	1	64	35
3067	3	61	39
3068	1	64	35
3069	2	64	39
3070	1	67	39
3071	11	43	43
3072	1	46	7
3073	2	46	11
3074	1	49	11
3075	3	46	15
3076	1	49	11
3077	2	49	15
3078	1	52	15
3079	4	46	19
3080	1	49	11
3081	2	49	15
3082	1	52	15
3083	3	49	19
3084	1	52	15
3085	2	52	19
3086	1	55	19
3087	5	46	23
3088	1	49	11
3089	2	49	15
3090	1	52	15
3091	3	49	19
3092	1	52	15
3093	2	52	19
3094	1	55	19
3095	4	49	23
3096	1	52	15
3097	2	52	19
3098	1	55	19
3099	3	52	23
3100	1	55	19
3101	2	55	23
3102	1	58	23
3103	6	46	27
3104	1	49	11
3105	2	49	15
3106	1	52	15
3107	3	49	19
3108	1	52	15
3109	2	52	19
3110	1	55	19
3111	4	49	23
3112	1	52	15
3113	2	52	19
3114	1	55	19
3115	3	52	23
3116	1	55	19
3117	2	55	23
3118	1	58	23
3119	5	49	27
3120	1	52	15
3121	2	52	19
3122	1	54	19
3123	3	52	23
3124	1	55	19
3125	2	55	23
3126	1	58	23
3127	4	52	27
3128	1	55	19
3129	2	55	23
3130	1	57	23
3131	3	55	27
3132	1	58	23
3133	2	58	27
3134	1	61	27
3135	7	46	31
3136	1	49	11
3137	2	49	15
3138	1	52	15
3139	3	49	19
3140	1	52	15
3141	2	52	19
3142	1	55	19
3143	4	49	23
3144	1	52	15
3145	2	51	19
3146	1	55	19
3147	3	52	23
3148	1	55	19
3149	2	55	23
3150	1	57	23
3151	5	49	27
3152	1	52	15
3153	2	52	19
3154	1	55	19
3155	3	52	23
3156	1	55	19
3157	2	54	23
3158	1	57	23
3159	4	52	27
3160	1	55	19
3161	2	55	23
3162	1	57	23
3163	3	54	27
3164	1	57	23
3165	2	58	27
3166	1	60	27
3167	6	49	31
3168	1	51	15
3169	2	51	19
3170	1	55	19
3171	3	51	23
3172	1	54	19
3173	2	54	23
3174	1	58	23
3175	4	52	27
3176	1	54	19
3177	2	54	23
3178	1	57	23
3179	3	54	27
3180	1	57	23
3181	2	58	27
3182	1	60	27
3183	5	51	31
3184	1	55	19
3185	2	54	23
3186	1	57	23
3187	3	54	27
3188	1	57	23
3189	2	57	27
3190	1	60	27
3191	4	54	31
3192	1	57	23
3193	2	57	27
3194	1	60	27
3195	3	57	31
3196	1	60	27
3197	2	60	31
3198	1	63	31
3199	8	45	35
3200	1	49	11
3201	2	48	15
3202	1	51	15
3203	3	49	19
3204	1	51	15
3205	2	51	19
3206	1	54	19
3207	4	48	23
3208	1	51	15
3209	2	51	19
3210	1	54	19
3211	3	51	23
3212	1	55	19
3213	2	54	23
3214	1	57	23
3215	5	48	27
3216	1	51	15
3217	2	51	19
3218	1	54	19
3219	3	51	23
3220	1	54	19
3221	2	54	23
3222	1	57	23
3223	4	51	27
3224	1	54	19
3225	2	54	23
3226	1	57	23
3227	3	54	27
3228	1	57	23
3229	2	57	27
3230	1	60	27
3231	6	48	31
3232	1	51	15
3233	2	51	19
3234	1	54	19
3235	3	51	23
3236	1	54	19
3237	2	54	23
3238	1	57	23
3239	4	51	27
3240	1	54	19
3241	2	54	23
3242	1	57	23
3243	3	54	27
3244	1	57	23
3245	2	57	27
3246	1	60	27
3247	5	51	31
3248	1	54	19
3249	2	54	23
3250	1	57	23
3251	3	54	27
3252	1	57	23
3253	2	57	27
3254	1	60	27
3255	4	54	31
3256	1	57	23
3257	2	57	27
3258	1	60	27
3259	3	57	31
3260	1	60	27
3261	2	60	31
3262	1	63	31
3263	7	48	35
3264	1	51	15
3265	2	51	19
3266	1	54	19
3267	3	51	23
3268	1	54	19
3269	2	54	23
3270	1	57	23
3271	4	51	27
3272	1	54	19
3273	2	54	23
3274	1	57	23
3275	3	54	27
3276	1	57	23
3277	2	57	27
3278	1	60	27
3279	5	50	31
3280	1	54	19
3281	2	54	23
3282	1	57	23
3283	3	54	27
3284	1	57	23
3285	2	57	27
3286	1	60	27
3287	4	54	31
3288	1	57	23
3289	2	57	27
3290	1	60	27
3291	3	57	31
3292	1	60	27
3293	2	60	31
3294	1	63	31
3295	6	51	35
3296	1	54	19
3297	2	54	23
3298	1	57	23
3299	3	53	27
3300	1	57	23
3301	2	57	27
3302	1	60	27
3303	4	54	31
3304	1	57	23
3305	2	57	27
3306	1	60	27
3307	3	57	31
3308	1	60	27
3309	2	60	31
3310	1	63	31
3311	5	54	35
3312	1	57	23
3313	2	57	27
3314	1	60	27
3315	3	56	31
3316	1	60	27
3317	2	59	31
3318	1	62	31
3319	4	57	35
3320	1	59	27
3321	2	60	31
3322	1	62	31
3323	3	59	35
3324	1	63	31
3325	2	62	35
3326	1	65	35
3327	9	45	39
3328	1	48	11
3329	2	48	15
3330	1	51	15
3331	3	48	19
3332	1	51	15
3333	2	51	19
3334	1	54	19
3335	4	48	23
3336	1	51	15
3337	2	51	19
3338	1	54	19
3339	3	51	23
3340	1	54	19
3341	2	54	23
3342	1	57	23
3343	5	48	27
3344	1	51	15
3345	2	51	19
3346	1	54	19
3347	3	51	23
3348	1	54	19
3349	2	54	23
3350	1	57	23
3351	4	51	27
3352	1	54	19
3353	2	54	23
3354	1	57	23
3355	3	54	27
3356	1	57	23
3357	2	57	27
3358	1	60	27
3359	6	48	31
3360	1	51	15
3361	2	51	19
3362	1	54	19
3363	3	51	23
3364	1	54	19
3365	2	54	23
3366	1	57	23
3367	4	51	27
3368	1	54	19
3369	2	54	23
3370	1	57	23
3371	3	54	27
3372	1	56	23
3373	2	57	27
3374	1	59	27
3375	5	51	31
3376	1	54	19
3377	2	54	23
3378	1	57	23
3379	3	54	27
3380	1	57	23
3381	2	57	27
3382	1	60	27
3383	4	54	31
3384	1	57	23
3385	2	57	27
3386	1	59	27
3387	3	57	31
3388	1	59	27
3389	2	59	31
3390	1	62	31
3391	7	48	35
3392	1	51	15
3393	2	51	19
3394	1	54	19
3395	3	51	23
3396	1	53	19
3397	2	53	23
3398	1	57	23
3399	4	51	27
3400	1	53	19
3401	2	54	23
3402	1	57	23
3403	3	53	27
3404	1	56	23
3405	2	56	27
3406	1	60	27
3407	5	51	31
3408	1	54	19
3409	2	54	23
3410	1	56	23
3411	3	53	27
3412	1	57	23
3413	2	56	27
3414	1	59	27
3415	4	54	31
3416	1	57	23
3417	2	56	27
3418	1	59	27
3419	3	56	31
3420	1	59	27
3421	2	60	31
3422	1	63	31
3423	6	51	35
3424	1	53	19
3425	2	54	23
3426	1	57	23
3427	3	53	27
3428	1	56	23
3429	2	56	27
3430	1	59	27
3431	4	53	31
3432	1	56	23
3433	2	56	27
3434	1	60	27
3435	3	57	31
3436	1	59	27
3437	2	59	31
3438	1	62	31
3439	5	54	35
3440	1	56	23
3441	2	56	27
3442	1	59	27
3443	3	56	31
3444	1	59	27
3445	2	59	31
3446	1	62	31
3447	4	56	35
3448	1	59	27
3449	2	59	31
3450	1	62	31
3451	3	59	35
3452	1	62	31
3453	2	62	35
3454	1	65	35
3455	8	47	39
3456	1	50	15
3457	2	51	19
3458	1	53	19
3459	3	50	23
3460	1	53	19
3461	2	54	23
3462	1	57	23
3463	4	50	27
3464	1	53	19
3465	2	53	23
3466	1	56	23
3467	3	53	27
3468	1	56	23
3469	2	56	27
3470	1	59	27
3471	5	50	31
3472	1	53	19
3473	2	53	23
3474	1	56	23
3475	3	53	27
3476	1	56	23
3477	2	56	27
3478	1	59	27
3479	4	53	31
3480	1	56	23
3481	2	56	27
3482	1	60	27
3483	3	56	31
3484	1	59	27
3485	2	59	31
3486	1	62	31
3487	6	50	35
3488	1	53	19
3489	2	53	23
3490	1	56	23
3491	3	54	27
3492	1	56	23
3493	2	56	27
3494	1	59	27
3495	4	53	31
3496	1	56	23
3497	2	56	27
3498	1	59	27
3499	3	56	31
3500	1	59	27
3501	2	59	31
3502	1	62	31
3503	5	53	35
3504	1	56	23
3505	2	56	27
3506	1	59	27
3507	3	56	31
3508	1	59	27
3509	2	59	31
3510	1	62	31
3511	4	56	35
3512	1	59	27
3513	2	59	31
3514	1	62	31
3515	3	58	35
3516	1	62	31
3517	2	62	35
3518	1	65	35
3519	7	50	39
3520	1	53	19
3521	2	53	23
3522	1	56	23
3523	3	53	27
3524	1	56	23
3525	2	56	27
3526	1	59	27
3527	4	53	31
3528	1	56	23
3529	2	56	27
3530	1	59	27
3531	3	56	31
3532	1	59	27
3533	2	59	31
3534	1	62	31
3535	5	53	35
3536	1	56	23
3537	2	56	27
3538	1	59	27
3539	3	56	31
3540	1	59	27
3541	2	59	31
3542	1	62	31
3543	4	56	35
3544	1	59	27
3545	2	59	31
3546	1	62	31
3547	3	59	35
3548	1	62	31
3549	2	62	35
3550	1	65	35
3551	6	53	39
3552	1	55	23
3553	2	56	27
3554	1	59	27
3555	3	56	31
3556	1	59	27
3557	2	59	31
3558	1	61	31
3559	4	55	35
3560	1	59	27
3561	2	59	31
3562	1	62	31
3563	3	59	35
3564	1	62	31
3565	2	61	35
3566	1	65	35
3567	5	56	39
3568	1	59	27
3569	2	59	31
3570	1	62	31
3571	3	58	35
3572	1	62	31
3573	2	62	35
3574	1	64	35
3575	4	59	39
3576	1	62	31
3577	2	61	35
3578	1	65	35
3579	3	61	39
3580	1	65	35
3581	2	64	39
3582	1	67	39
3583	10	45	43
3584	1	48	11
3585	2	48	15
3586	1	51	15
3587	3	48	19
3588	1	51	15
3589	2	51	19
3590	1	54	19
3591	4	48	23
3592	1	51	15
3593	2	51	19
3594	1	54	19
3595	3	51	23
3596	1	54	19
3597	2	54	23
3598	1	57	23
3599	5	48	27
3600	1	51	15
3601	2	50	19
3602	1	54	19
3603	3	51	23
3604	1	54	19
3605	2	54	23
3606	1	56	23
3607	4	51	27
3608	1	54	19
3609	2	54	23
3610	1	57	23
3611	3	53	27
3612	1	57	23
3613	2	57	27
3614	1	60	27
3615	6	48	31
3616	1	51	15
3617	2	51	19
3618	1	53	19
3619	3	51	23
3620	1	53	19
3621	2	53	23
3622	1	57	23
3623	4	51	27
3624	1	53	19
3625	2	53	23
3626	1	56	23
3627	3	54	27
3628	1	57	23
3629	2	56	27
3630	1	59	27
3631	5	51	31
3632	1	53	19
3633	2	53	23
3634	1	56	23
3635	3	53	27
3636	1	56	23
3637	2	56	27
3638	1	59	27
3639	4	53	31
3640	1	57	23
3641	2	57	27
3642	1	59	27
3643	3	56	31
3644	1	59	27
3645	2	59	31
3646	1	62	31
3647	7	48	35
3648	1	50	15
3649	2	50	19
3650	1	54	19
3651	3	51	23
3652	1	54	19
3653	2	53	23
3654	1	57	23
3655	4	50	27
3656	1	53	19
3657	2	53	23
3658	1	57	23
3659	3	53	27
3660	1	57	23
3661	2	56	27
3662	1	59	27
3663	5	50	31
3664	1	53	19
3665	2	53	23
3666	1	56	23
3667	3	54	27
3668	1	57	23
3669	2	56	27
3670	1	59	27
3671	4	53	31
3672	1	56	23
3673	2	57	27
3674	1	59	27
3675	3	56	31
3676	1	59	27
3677	2	59	31
3678	1	62	31
3679	6	50	35
3680	1	53	19
3681	2	53	23
3682	1	56	23
3683	3	53	27
3684	1	56	23
3685	2	56	27
3686	1	59	27
3687	4	53	31
3688	1	56	23
3689	2	56	27
3690	1	59	27
3691	3	56	31
3692	1	59	27
3693	2	59	31
3694	1	62	31
3695	5	53	35
3696	1	56	23
3697	2	56	27
3698	1	59	27
3699	3	56	31
3700	1	59	27
3701	2	59	31
3702	1	62	31
3703	4	56	35
3704	1	59	27
3705	2	59	31
3706	1	62	31
3707	3	59	35
3708	1	62	31
3709	2	62	35
3710	1	65	35
3711	8	48	39
3712	1	51	15
3713	2	50	19
3714	1	53	19
3715	3	50	23
3716	1	53	19
3717	2	53	23
3718	1	56	23
3719	4	50	27
3720	1	53	19
3721	2	53	23
3722	1	56	23
3723	3	53	27
3724	1	56	23
3725	2	56	27
3726	1	59	27
3727	5	50	31
3728	1	53	19
3729	2	53	23
3730	1	56	23
3731	3	53	27
3732	1	56	23
3733	2	56	27
3734	1	59	27
3735	4	53	31
3736	1	56	23
3737	2	56	27
3738	1	59	27
3739	3	56	31
3740	1	59	27
3741	2	59	31
3742	1	62	31
3743	6	50	35
3744	1	53	19
3745	2	53	23
3746	1	56	23
3747	3	53	27
3748	1	56	23
3749	2	56	27
3750	1	59	27
3751	4	53	31
3752	1	56	23
3753	2	56	27
3754	1	59	27
3755	3	56	31
3756	1	59	27
3757	2	59	31
3758	1	62	31
3759	5	53	35
3760	1	56	23
3761	2	56	27
3762	1	59	27
3763	3	56	31
3764	1	59	27
3765	2	59	31
3766	1	62	31
3767	4	56	35
3768	1	59	27
3769	2	59	31
3770	1	62	31
3771	3	59	35
3772	1	62	31
3773	2	62	35
3774	1	65	35
3775	7	50	39
3776	1	53	19
3777	2	53	23
3778	1	56	23
3779	3	53	27
3780	1	56	23
3781	2	56	27
3782	1	59	27
3783	4	53	31
3784	1	56	23
3785	2	56	27
3786	1	59	27
3787	3	56	31
3788	1	59	27
3789	2	59	31
3790	1	62	31
3791	5	53	35
3792	1	56	23
3793	2	56	27
3794	1	59	27
3795	3	56	31
3796	1	59	27
3797	2	59	31
3798	1	62	31
3799	4	56	35
3800	1	58	27
3801	2	59	31
3802	1	62	31
3803	3	58	35
3804	1	61	31
3805	2	62	35
3806	1	65	35
3807	6	53	39
3808	1	56	23
3809	2	56	27
3810	1	59	27
3811	3	55	31
3812	1	59	27
3813	2	58	31
3814	1	62	31
3815	4	56	35
3816	1	59	27
3817	2	59	31
3818	1	61	31
3819	3	59	35
3820	1	61	31
3821	2	61	35
3822	1	64	35
3823	5	56	39
3824	1	59	27
3825	2	59	31
3826	1	62	31
3827	3	58	35
3828	1	61	31
3829	2	61	35
3830	1	64	35
3831	4	58	39
3832	1	62	31
3833	2	62	35
3834	1	64	35
3835	3	61	39
3836	1	64	35
3837	2	64	39
3838	1	68	39
3839	9	47	43
3840	1	50	15
3841	2	50	19
3842	1	53	19
3843	3	50	23
3844	1	53	19
3845	2	53	23
3846	1	56	23
3847	4	50	27
3848	1	53	19
3849	2	53	23
3850	1	56	23
3851	3	53	27
3852	1	56	23
3853	2	56	27
3854	1	59	27
3855	5	50	31
3856	1	53	19
3857	2	53	23
3858	1	56	23
3859	3	53	27
3860	1	56	23
3861	2	56	27
3862	1	59	27
3863	4	53	31
3864	1	56	23
3865	2	56	27
3866	1	59	27
3867	3	56	31
3868	1	59	27
3869	2	59	31
3870	1	62	31
3871	6	50	35
3872	1	53	19
3873	2	52	23
3874	1	56	23
3875	3	52	27
3876	1	56	23
3877	2	56	27
3878	1	59	27
3879	4	53	31
3880	1	56	23
3881	2	56	27
3882	1	59	27
3883	3	55	31
3884	1	59	27
3885	2	59	31
3886	1	61	31
3887	5	52	35
3888	1	56	23
3889	2	55	27
3890	1	58	27
3891	3	56	31
3892	1	59	27
3893	2	58	31
3894	1	62	31
3895	4	56	35
3896	1	59	27
3897	2	58	31
3898	1	62	31
3899	3	58	35
3900	1	62	31
3901	2	62	35
3902	1	64	35
3903	7	50	39
3904	1	53	19
3905	2	53	23
3906	1	55	23
3907	3	53	27
3908	1	56	23
3909	2	56	27
3910	1	59	27
3911	4	53	31
3912	1	55	23
3913	2	56	27
3914	1	59	27
3915	3	55	31
3916	1	59	27
3917	2	58	31
3918	1	61	31
3919	5	53	35
3920	1	56	23
3921	2	56	27
3922	1	59	27
3923	3	56	31
3924	1	58	27
3925	2	58	31
3926	1	62	31
3927	4	55	35
3928	1	58	27
3929	2	59	31
3930	1	61	31
3931	3	58	35
3932	1	61	31
3933	2	61	35
3934	1	65	35
3935	6	52	39
3936	1	56	23
3937	2	56	27
3938	1	59	27
3939	3	55	31
3940	1	59	27
3941	2	58	31
3942	1	62	31
3943	4	56	35
3944	1	59	27
3945	2	58	31
3946	1	62	31
3947	3	58	35
3948	1	61	31
3949	2	61	35
3950	1	64	35
3951	5	56	39
3952	1	58	27
3953	2	58	31
3954	1	61	31
3955	3	58	35
3956	1	62	31
3957	2	62	35
3958	1	64	35
3959	4	58	39
3960	1	61	31
3961	2	61	35
3962	1	64	35
3963	3	61	39
3964	1	64	35
3965	2	64	39
3966	1	67	39
3967	8	49	43
3968	1	53	19
3969	2	52	23
3970	1	56	23
3971	3	53	27
3972	1	55	23
3973	2	56	27
3974	1	58	27
3975	4	52	31
3976	1	55	23
3977	2	55	27
3978	1	59	27
3979	3	55	31
3980	1	59	27
3981	2	58	31
3982	1	61	31
3983	5	53	35
3984	1	55	23
3985	2	55	27
3986	1	59	27
3987	3	55	31
3988	1	58	27
3989	2	58	31
3990	1	61	31
3991	4	55	35
3992	1	58	27
3993	2	58	31
3994	1	61	31
3995	3	58	35
3996	1	62	31
3997	2	61	35
3998	1	64	35
3999	6	52	39
4000	1	56	23
4001	2	55	27
4002	1	58	27
4003	3	55	31
4004	1	58	27
4005	2	59	31
4006	1	61	31
4007	4	55	35
4008	1	58	27
4009	2	58	31
4010	1	61	31
4011	3	58	35
4012	1	61	31
4013	2	61	35
4014	1	64	35
4015	5	55	39
4016	1	58	27
4017	2	58	31
4018	1	61	31
4019	3	58	35
4020	1	61	31
4021	2	61	35
4022	1	64	35
4023	4	58	39
4024	1	61	31
4025	2	61	35
4026	1	64	35
4027	3	61	39
4028	1	64	35
4029	2	64	39
4030	1	67	39
4031	7	52	43
4032	1	56	23
4033	2	55	27
4034	1	58	27
4035	3	55	31
4036	1	58	27
4037	2	58	31
4038	1	61	31
4039	4	55	35
4040	1	58	27
4041	2	58	31
4042	1	61	31
4043	3	58	35
4044	1	61	31
4045	2	61	35
4046	1	64	35
4047	5	55	39
4048	1	58	27
4049	2	58	31
4050	1	61	31
4051	3	58	35
4052	1	61	31
4053	2	61	35
4054	1	63	35
4055	4	58	39
4056	1	61	31
4057	2	61	35
4058	1	64	35
4059	3	61	39
4060	1	64	35
4061	2	64	39
4062	1	67	39
4063	6	55	43
4064	1	58	27
4065	2	58	31
4066	1	60	31
4067	3	58	35
4068	1	61	31
4069	2	61	35
4070	1	64	35
4071	4	58	39
4072	1	61	31
4073	2	61	35
4074	1	64	35
4075	3	61	39
4076	1	64	35
4077	2	64	39
4078	1	66	39
4079	5	57	43
4080	1	61	31
4081	2	61	35
4082	1	64	35
4083	3	61	39
4084	1	64	35
4085	2	64	39
4086	1	67	39
4087	4	61	43
4088	1	64	35
4089	2	64	39
4090	1	67	39
4091	3	64	43
4092	1	67	39
4093	2	67	43
4094	1	69	43
4095	13	35	47
4096	1	50	3
4097	2	49	7
4098	1	53	7
4099	3	49	11
4100	1	53	7
4101	2	52	11
4102	1	55	11
4103	4	49	15
4104	1	52	7
4105	2	52	11
4106	1	55	11
4107	3	52	15
4108	1	55	11
4109	2	55	15
4110	1	58	15
4111	5	49	19
4112	1	52	7
4113	2	52	11
4114	1	55	11
4115	3	52	15
4116	1	55	11
4117	2	55	15
4118	1	58	15
4119	4	52	19
4120	1	55	11
4121	2	55	15
4122	1	58	15
4123	3	55	19
4124	1	58	15
4125	2	58	19
4126	1	61	19
4127	6	49	23
4128	1	52	7
4129	2	52	11
4130	1	55	11
4131	3	52	15
4132	1	55	11
4133	2	55	15
4134	1	58	15
4135	4	52	19
4136	1	55	11
4137	2	55	15
4138	1	58	15
4139	3	55	19
4140	1	58	15
4141	2	58	19
4142	1	61	19
4143	5	52	23
4144	1	55	11
4145	2	55	15
4146	1	58	15
4147	3	55	19
4148	1	58	15
4149	2	58	19
4150	1	61	19
4151	4	55	23
4152	1	58	15
4153	2	58	19
4154	1	61	19
4155	3	58	23
4156	1	61	19
4157	2	61	23
4158	1	64	23
4159	7	49	27
4160	1	52	7
4161	2	52	11
4162	1	55	11
4163	3	52	15
4164	1	55	11
4165	2	55	15
4166	1	58	15
4167	4	52	19
4168	1	55	11
4169	2	54	15
4170	1	58	15
4171	3	55	19
4172	1	58	15
4173	2	58	19
4174	1	61	19
4175	5	52	23
4176	1	55	11
4177	2	55	15
4178	1	58	15
4179	3	55	19
4180	1	58	15
4181	2	58	19
4182	1	61	19
4183	4	55	23
4184	1	58	15
4185	2	58	19
4186	1	61	19
4187	3	58	23
4188	1	61	19
4189	2	61	23
4190	1	64	23
4191	6	52	27
4192	1	55	11
4193	2	55	15
4194	1	58	15
4195	3	54	19
4196	1	58	15
4197	2	58	19
4198	1	60	19
4199	4	54	23
4200	1	58	15
4201	2	58	19
4202	1	60	19
4203	3	57	23
4204	1	60	19
4205	2	61	23
4206	1	63	23
4207	5	55	27
4208	1	58	15
4209	2	57	19
4210	1	61	19
4211	3	58	23
4212	1	61	19
4213	2	60	23
4214	1	63	23
4215	4	58	27
4216	1	60	19
4217	2	60	23
4218	1	63	23
4219	3	61	27
4220	1	63	23
4221	2	64	27
4222	1	66	27
4223	8	49	31
4224	1	52	7
4225	2	52	11
4226	1	54	11
4227	3	51	15
4228	1	55	11
4229	2	55	15
4230	1	58	15
4231	4	52	19
4232	1	54	11
4233	2	55	15
4234	1	57	15
4235	3	54	19
4236	1	57	15
4237	2	57	19
4238	1	60	19
4239	5	51	23
4240	1	54	11
4241	2	54	15
4242	1	57	15
4243	3	54	19
4244	1	57	15
4245	2	57	19
4246	1	60	19
4247	4	54	23
4248	1	57	15
4249	2	57	19
4250	1	61	19
4251	3	57	23
4252	1	60	19
4253	2	60	23
4254	1	63	23
4255	6	51	27
4256	1	54	11
4257	2	54	15
4258	1	57	15
4259	3	54	19
4260	1	57	15
4261	2	57	19
4262	1	61	19
4263	4	54	23
4264	1	57	15
4265	2	57	19
4266	1	60	19
4267	3	58	23
4268	1	60	19
4269	2	60	23
4270	1	63	23
4271	5	54	27
4272	1	57	15
4273	2	57	19
4274	1	60	19
4275	3	57	23
4276	1	60	19
4277	2	60	23
4278	1	63	23
4279	4	57	27
4280	1	60	19
4281	2	60	23
4282	1	63	23
4283	3	60	27
4284	1	63	23
4285	2	63	27
4286	1	66	27
4287	7	51	31
4288	1	54	11
4289	2	54	15
4290	1	57	15
4291	3	54	19
4292	1	57	15
4293	2	57	19
4294	1	60	19
4295	4	54	23
4296	1	57	15
4297	2	57	19
4298	1	60	19
4299	3	57	23
4300	1	60	19
4301	2	60	23
4302	1	63	23
4303	5	54	27
4304	1	57	15
4305	2	57	19
4306	1	60	19
4307	3	57	23
4308	1	60	19
4309	2	60	23
4310	1	63	23
4311	4	57	27
4312	1	60	19
4313	2	60	23
4314	1	63	23
4315	3	60	27
4316	1	63	23
4317	2	62	27
4318	1	66	27
4319	6	54	31
4320	1	57	15
4321	2	57	19
4322	1	60	19
4323	3	57	23
4324	1	60	19
4325	2	60	23
4326	1	63	23
4327	4	57	27
4328	1	60	19
4329	2	60	23
4330	1	63	23
4331	3	60	27
4332	1	63	23
4333	2	62	27
4334	1	66	27
4335	5	57	31
4336	1	60	19
4337	2	60	23
4338	1	63	23
4339	3	60	27
4340	1	63	23
4341	2	62	27
4342	1	66	27
4343	4	60	31
4344	1	63	23
4345	2	63	27
4346	1	66	27
4347	3	62	31
4348	1	66	27
4349	2	66	31
4350	1	68	31
4351	9	48	35
4352	1	51	7
4353	2	51	11
4354	1	54	11
4355	3	51	15
4356	1	54	11
4357	2	54	15
4358	1	57	15
4359	4	51	19
4360	1	54	11
4361	2	54	15
4362	1	57	15
4363	3	54	19
4364	1	57	15
4365	2	57	19
4366	1	60	19
4367	5	50	23
4368	1	54	11
4369	2	54	15
4370	1	57	15
4371	3	54	19
4372	1	57	15
4373	2	57	19
4374	1	60	19
4375	4	54	23
4376	1	57	15
4377	2	57	19
4378	1	60	19
4379	3	57	23
4380	1	59	19
4381	2	60	23
4382	1	63	23
4383	6	51	27
4384	1	54	11
4385	2	54	15
4386	1	56	15
4387	3	54	19
4388	1	57	15
4389	2	57	19
4390	1	60	19
4391	4	54	23
4392	1	57	15
4393	2	56	19
4394	1	60	19
4395	3	57	23
4396	1	59	19
4397	2	60	23
4398	1	63	23
4399	5	54	27
4400	1	56	15
4401	2	57	19
4402	1	60	19
4403	3	56	23
4404	1	60	19
4405	2	60	23
4406	1	63	23
4407	4	57	27
4408	1	59	19
4409	2	60	23
4410	1	63	23
4411	3	60	27
4412	1	62	23
4413	2	62	27
4414	1	66	27
4415	7	51	31
4416	1	54	11
4417	2	54	15
4418	1	57	15
4419	3	54	19
4420	1	57	15
4421	2	57	19
4422	1	59	19
4423	4	53	23
4424	1	57	15
4425	2	57	19
4426	1	60	19
4427	3	57	23
4428	1	60	19
4429	2	59	23
4430	1	63	23
4431	5	53	27
4432	1	57	15
4433	2	56	19
4434	1	59	19
4435	3	56	23
4436	1	59	19
4437	2	60	23
4438	1	62	23
4439	4	56	27
4440	1	60	19
4441	2	59	23
4442	1	62	23
4443	3	59	27
4444	1	63	23
4445	2	62	27
4446	1	65	27
4447	6	53	31
4448	1	57	15
4449	2	56	19
4450	1	60	19
4451	3	57	23
4452	1	59	19
4453	2	59	23
4454	1	63	23
4455	4	56	27
4456	1	59	19
4457	2	59	23
4458	1	62	23
4459	3	59	27
4460	1	62	23
4461	2	62	27
4462	1	65	27
4463	5	56	31
4464	1	59	19
4465	2	59	23
4466	1	62	23
4467	3	59	27
4468	1	62	23
4469	2	62	27
4470	1	65	27
4471	4	59	31
4472	1	62	23
4473	2	62	27
4474	1	65	27
4475	3	62	31
4476	1	65	27
4477	2	65	31
4478	1	68	31
4479	8	50	35
4480	1	54	11
4481	2	54	15
4482	1	56	15
4483	3	53	19
4484	1	56	15
4485	2	57	19
4486	1	59	19
4487	4	53	23
4488	1	56	15
4489	2	56	19
4490	1	59	19
4491	3	56	23
4492	1	59	19
4493	2	59	23
4494	1	62	23
4495	5	53	27
4496	1	56	15
4497	2	56	19
4498	1	59	19
4499	3	56	23
4500	1	59	19
4501	2	60	23
4502	1	62	23
4503	4	56	27
4504	1	59	19
4505	2	59	23
4506	1	62	23
4507	3	60	27
4508	1	63	23
4509	2	62	27
4510	1	65	27
4511	6	53	31
4512	1	56	15
4513	2	56	19
4514	1	59	19
4515	3	56	23
4516	1	59	19
4517	2	59	23
4518	1	62	23
4519	4	56	27
4520	1	59	19
4521	2	59	23
4522	1	62	23
4523	3	59	27
4524	1	62	23
4525	2	62	27
4526	1	65	27
4527	5	56	31
4528	1	59	19
4529	2	59	23
4530	1	62	23
4531	3	59	27
4532	1	62	23
4533	2	62	27
4534	1	65	27
4535	4	59	31
4536	1	62	23
4537	2	62	27
4538	1	65	27
4539	3	62	31
4540	1	65	27
4541	2	65	31
4542	1	68	31
4543	7	53	35
4544	1	56	15
4545	2	56	19
4546	1	59	19
4547	3	56	23
4548	1	59	19
4549	2	59	23
4550	1	62	23
4551	4	56	27
4552	1	59	19
4553	2	59	23
4554	1	62	23
4555	3	59	27
4556	1	62	23
4557	2	62	27
4558	1	64	27
4559	5	56	31
4560	1	59	19
4561	2	59	23
4562	1	62	23
4563	3	58	27
4564	1	62	23
4565	2	62	27
4566	1	65	27
4567	4	59	31
4568	1	62	23
4569	2	62	27
4570	1	65	27
4571	3	62	31
4572	1	65	27
4573	2	65	31
4574	1	68	31
4575	6	56	35
4576	1	59	19
4577	2	59	23
4578	1	61	23
4579	3	59	27
4580	1	62	23
4581	2	61	27
4582	1	65	27
4583	4	59	31
4584	1	61	23
4585	2	62	27
4586	1	64	27
4587	3	62	31
4588	1	65	27
4589	2	65	31
4590	1	67	31
4591	5	59	35
4592	1	61	23
4593	2	62	27
4594	1	64	27
4595	3	61	31
4596	1	64	27
4597	2	65	31
4598	1	68	31
4599	4	61	35
4600	1	65	27
4601	2	64	31
4602	1	68	31
4603	3	65	35
4604	1	68	31
4605	2	68	35
4606	1	70	35
4607	10	47	39
4608	1	50	7
4609	2	50	11
4610	1	53	11
4611	3	50	15
4612	1	53	11
4613	2	53	15
4614	1	56	15
4615	4	50	19
4616	1	53	11
4617	2	53	15
4618	1	56	15
4619	3	53	19
4620	1	56	15
4621	2	56	19
4622	1	59	19
4623	5	51	23
4624	1	53	11
4625	2	53	15
4626	1	57	15
4627	3	53	19
4628	1	56	15
4629	2	56	19
4630	1	59	19
4631	4	53	23
4632	1	56	15
4633	2	56	19
4634	1	59	19
4635	3	56	23
4636	1	59	19
4637	2	59	23
4638	1	62	23
4639	6	50	27
4640	1	53	11
4641	2	53	15
4642	1	56	15
4643	3	53	19
4644	1	56	15
4645	2	56	19
4646	1	59	19
4647	4	53	23
4648	1	56	15
4649	2	56	19
4650	1	59	19
4651	3	56	23
4652	1	59	19
4653	2	59	23
4654	1	62	23
4655	5	53	27
4656	1	56	15
4657	2	56	19
4658	1	59	19
4659	3	56	23
4660	1	59	19
4661	2	59	23
4662	1	62	23
4663	4	56	27
4664	1	59	19
4665	2	59	23
4666	1	62	23
4667	3	59	27
4668	1	62	23
4669	2	62	27
4670	1	65	27
4671	7	50	31
4672	1	53	11
4673	2	53	15
4674	1	55	15
4675	3	53	19
4676	1	56	15
4677	2	56	19
4678	1	59	19
4679	4	53	23
4680	1	56	15
4681	2	56	19
4682	1	59	19
4683	3	56	23
4684	1	59	19
4685	2	59	23
4686	1	62	23
4687	5	53	27
4688	1	56	15
4689	2	56	19
4690	1	59	19
4691	3	56	23
4692	1	59	19
4693	2	59	23
4694	1	62	23
4695	4	56	27
4696	1	59	19
4697	2	59	23
4698	1	62	23
4699	3	59	27
4700	1	62	23
4701	2	62	27
4702	1	65	27
4703	6	53	31
4704	1	56	15
4705	2	56	19
4706	1	59	19
4707	3	56	23
4708	1	59	19
4709	2	59	23
4710	1	62	23
4711	4	56	27
4712	1	59	19
4713	2	59	23
4714	1	62	23
4715	3	59	27
4716	1	62	23
4717	2	62	27
4718	1	65	27
4719	5	56	31
4720	1	58	19
4721	2	58	23
4722	1	62	23
4723	3	59	27
4724	1	62	23
4725	2	61	27
4726	1	64	27
4727	4	58	31
4728	1	62	23
4729	2	62	27
4730	1	64	27
4731	3	62	31
4732	1	65	27
4733	2	64	31
4734	1	68	31
4735	8	50	35
4736	1	53	11
4737	2	53	15
4738	1	56	15
4739	3	53	19
4740	1	56	15
4741	2	56	19
4742	1	59	19
4743	4	53	23
4744	1	56	15
4745	2	56	19
4746	1	59	19
4747	3	56	23
4748	1	58	19
4749	2	58	23
4750	1	62	23
4751	5	53	27
4752	1	56	15
4753	2	56	19
4754	1	59	19
4755	3	56	23
4756	1	58	19
4757	2	58	23
4758	1	62	23
4759	4	56	27
4760	1	59	19
4761	2	58	23
4762	1	62	23
4763	3	59	27
4764	1	62	23
4765	2	61	27
4766	1	65	27
4767	6	53	31
4768	1	55	15
4769	2	55	19
4770	1	59	19
4771	3	56	23
4772	1	58	19
4773	2	59	23
4774	1	61	23
4775	4	56	27
4776	1	58	19
4777	2	58	23
4778	1	62	23
4779	3	59	27
4780	1	61	23
4781	2	61	27
4782	1	65	27
4783	5	56	31
4784	1	58	19
4785	2	59	23
4786	1	61	23
4787	3	59	27
4788	1	61	23
4789	2	61	27
4790	1	64	27
4791	4	58	31
4792	1	61	23
4793	2	62	27
4794	1	64	27
4795	3	61	31
4796	1	64	27
4797	2	64	31
4798	1	67	31
4799	7	52	35
4800	1	56	15
4801	2	56	19
4802	1	59	19
4803	3	56	23
4804	1	59	19
4805	2	59	23
4806	1	62	23
4807	4	56	27
4808	1	58	19
4809	2	58	23
4810	1	61	23
4811	3	58	27
4812	1	62	23
4813	2	62	27
4814	1	64	27
4815	5	55	31
4816	1	58	19
4817	2	58	23
4818	1	62	23
4819	3	58	27
4820	1	61	23
4821	2	61	27
4822	1	64	27
4823	4	58	31
4824	1	61	23
4825	2	61	27
4826	1	64	27
4827	3	62	31
4828	1	64	27
4829	2	64	31
4830	1	67	31
4831	6	55	35
4832	1	59	19
4833	2	58	23
4834	1	61	23
4835	3	58	27
4836	1	62	23
4837	2	61	27
4838	1	65	27
4839	4	58	31
4840	1	61	23
4841	2	61	27
4842	1	64	27
4843	3	61	31
4844	1	64	27
4845	2	64	31
4846	1	67	31
4847	5	58	35
4848	1	61	23
4849	2	61	27
4850	1	64	27
4851	3	61	31
4852	1	64	27
4853	2	64	31
4854	1	67	31
4855	4	61	35
4856	1	64	27
4857	2	64	31
4858	1	67	31
4859	3	64	35
4860	1	67	31
4861	2	67	35
4862	1	70	35
4863	9	49	39
4864	1	53	11
4865	2	52	15
4866	1	56	15
4867	3	53	19
4868	1	55	15
4869	2	55	19
4870	1	58	19
4871	4	52	23
4872	1	55	15
4873	2	55	19
4874	1	58	19
4875	3	55	23
4876	1	58	19
4877	2	58	23
4878	1	61	23
4879	5	53	27
4880	1	55	15
4881	2	55	19
4882	1	59	19
4883	3	55	23
4884	1	58	19
4885	2	58	23
4886	1	61	23
4887	4	55	27
4888	1	58	19
4889	2	58	23
4890	1	61	23
4891	3	58	27
4892	1	61	23
4893	2	61	27
4894	1	64	27
4895	6	52	31
4896	1	55	15
4897	2	55	19
4898	1	58	19
4899	3	55	23
4900	1	58	19
4901	2	58	23
4902	1	61	23
4903	4	55	27
4904	1	58	19
4905	2	58	23
4906	1	61	23
4907	3	58	27
4908	1	61	23
4909	2	61	27
4910	1	64	27
4911	5	55	31
4912	1	58	19
4913	2	58	23
4914	1	61	23
4915	3	58	27
4916	1	61	23
4917	2	61	27
4918	1	64	27
4919	4	58	31
4920	1	61	23
4921	2	60	27
4922	1	64	27
4923	3	61	31
4924	1	64	27
4925	2	64	31
4926	1	67	31
4927	7	52	35
4928	1	55	15
4929	2	55	19
4930	1	58	19
4931	3	55	23
4932	1	58	19
4933	2	58	23
4934	1	61	23
4935	4	55	27
4936	1	58	19
4937	2	58	23
4938	1	61	23
4939	3	58	27
4940	1	61	23
4941	2	61	27
4942	1	64	27
4943	5	55	31
4944	1	58	19
4945	2	57	23
4946	1	61	23
4947	3	57	27
4948	1	61	23
4949	2	60	27
4950	1	64	27
4951	4	58	31
4952	1	61	23
4953	2	61	27
4954	1	64	27
4955	3	60	31
4956	1	64	27
4957	2	64	31
4958	1	67	31
4959	6	54	35
4960	1	58	19
4961	2	58	23
4962	1	61	23
4963	3	58	27
4964	1	61	23
4965	2	61	27
4966	1	64	27
4967	4	58	31
4968	1	61	23
4969	2	61	27
4970	1	64	27
4971	3	60	31
4972	1	64	27
4973	2	64	31
4974	1	67	31
4975	5	58	35
4976	1	61	23
4977	2	61	27
4978	1	64	27
4979	3	61	31
4980	1	64	27
4981	2	64	31
4982	1	67	31
4983	4	61	35
4984	1	64	27
4985	2	64	31
4986	1	67	31
4987	3	64	35
4988	1	67	31
4989	2	66	35
4990	1	70	35
4991	8	52	39
4992	1	55	15
4993	2	55	19
4994	1	58	19
4995	3	55	23
4996	1	57	19
4997	2	58	23
4998	1	61	23
4999	4	54	27
